$SPEC_ID:
No sample description was entered.
$SPEC_REM:
DET# 1
DETDESC# PRAK01 Easy-MCA-2k SN 15071856
AP# Maestro Version 7.01
$DATE_MEA:
01/01/2002 01:37:47
$MEAS_TIM:
300 300
$DATA:
0 511
       0
       0
       0
       0
       0
       0
       0
       0
       0
       0
       0
       0
       0
       0
       0
       0
       0
       0
       0
       0
       0
       0
       0
       0
       0
       0
       0
       0
       0
       0
       0
       4
     236
     340
     377
     357
     383
     389
     370
     394
     385
     376
     373
     419
     409
     441
     423
     412
     394
     402
     407
     398
     386
     410
     431
     441
     422
     462
     461
     466
     464
     457
     455
     442
     438
     409
     422
     412
     397
     404
     379
     379
     418
     397
     413
     377
     383
     401
     377
     385
     346
     356
     366
     379
     328
     375
     335
     382
     357
     332
     327
     345
     378
     326
     340
     342
     324
     347
     307
     323
     319
     339
     364
     329
     378
     337
     316
     334
     369
     375
     336
     340
     354
     351
     354
     364
     325
     372
     359
     396
     339
     350
     340
     346
     355
     308
     293
     324
     301
     279
     253
     244
     205
     214
     181
     160
     175
     157
     163
     143
     162
     132
     113
     137
     131
     134
     147
     127
     129
     137
     123
     120
     114
     132
     139
     136
     133
     137
     144
     141
     146
     165
     154
     136
     195
     208
     284
     311
     391
     456
     573
     792
     940
    1174
    1331
    1530
    1820
    2115
    2357
    2410
    2578
    2513
    2469
    2298
    2115
    1890
    1535
    1247
    1053
     818
     609
     414
     295
     208
     131
      95
      50
      45
      30
      12
       8
       3
       9
       8
       5
       7
       3
       4
       5
       3
       2
       3
       3
       3
       3
       6
       7
       5
       3
       5
       5
       2
       5
       9
       7
       5
       4
       0
       4
       2
       1
       7
       8
       3
       4
       4
       7
       6
       5
       7
       2
       5
       7
       3
       4
       3
       2
       4
       2
       3
       3
       2
       8
       3
       4
       3
       3
       1
       3
       5
       7
       3
       6
       4
       6
       1
       5
       3
       3
       3
       4
       4
       4
       6
       2
       1
       0
       1
       4
       2
       2
       3
       2
       5
       1
       4
       5
       6
       3
       4
       3
       1
       3
       2
       2
       3
       2
       3
       4
       3
       3
       4
       2
       2
       2
       3
       1
       2
       4
       2
       2
       2
       4
       2
       2
       2
       0
       3
       2
       1
       2
       1
       0
       3
       1
       1
       1
       2
       1
       1
       4
       1
       1
       0
       0
       1
       0
       5
       0
       1
       3
       2
       2
       2
       1
       2
       1
       3
       1
       2
       1
       2
       2
       1
       0
       2
       0
       3
       3
       1
       2
       1
       2
       2
       3
       5
       2
       1
       2
       1
       1
       2
       4
       4
       0
       6
       4
       4
       4
       2
       3
       8
       4
       4
       4
       6
       3
       2
       0
       1
       3
       2
       3
       1
       2
       4
       2
       1
       0
       4
       1
       2
       2
       0
       0
       0
       2
       1
       1
       2
       3
       1
       0
       0
       1
       0
       0
       1
       1
       2
       1
       0
       2
       0
       1
       1
       0
       2
       0
       0
       0
       1
       1
       0
       0
       1
       1
       1
       0
       0
       1
       2
       1
       0
       0
       0
       0
       0
       0
       2
       0
       0
       0
       0
       0
       0
       1
       1
       0
       1
       0
       0
       2
       1
       0
       0
       0
       0
       0
       0
       0
       0
       0
       0
       0
       0
       0
       0
       0
       0
       0
       0
       0
       0
       0
       0
       0
       0
       0
       0
       0
       0
       0
       0
       0
       0
       0
       0
       0
       0
       0
       0
       0
       0
       0
       0
       0
       0
       0
       0
       0
       0
$ROI:
1
162 198
$PRESETS:
Live Time
300
0
$ENER_FIT:
0.000000 3.991138
$MCA_CAL:
3
0.000000E+000 3.991138E+000 0.000000E+000 keV
$SHAPE_CAL:
3
1.151547E+001 0.000000E+000 0.000000E+000
