$SPEC_ID:
No sample description was entered.
$SPEC_REM:
DET# 1
DETDESC# PRAK01 Easy-MCA-2k SN 15071856
AP# Maestro Version 7.01
$DATE_MEA:
01/01/2002 01:25:20
$MEAS_TIM:
300 300
$DATA:
0 511
       0
       0
       0
       0
       0
       0
       0
       0
       0
       0
       0
       0
       0
       0
       0
       0
       0
       0
       0
       0
       0
       0
       0
       0
       0
       0
       0
       0
       0
       0
       0
       9
     217
     339
     370
     359
     370
     360
     393
     391
     390
     435
     372
     342
     392
     419
     434
     431
     410
     401
     422
     447
     411
     411
     443
     474
     478
     437
     498
     469
     472
     445
     482
     472
     443
     471
     406
     450
     435
     414
     399
     414
     395
     421
     379
     381
     411
     410
     369
     364
     338
     373
     344
     369
     354
     381
     346
     370
     367
     366
     393
     353
     379
     395
     343
     370
     364
     378
     357
     321
     358
     348
     344
     367
     350
     357
     394
     332
     377
     384
     326
     377
     347
     344
     375
     377
     346
     385
     355
     397
     350
     347
     324
     361
     355
     293
     325
     306
     266
     273
     245
     268
     226
     202
     216
     208
     186
     151
     152
     151
     156
     142
     157
     143
     129
     128
     120
     131
     131
     134
     147
     138
     137
     157
     147
     149
     134
     150
     133
     156
     154
     160
     172
     167
     214
     207
     280
     354
     386
     493
     623
     828
     996
    1248
    1523
    1678
    2059
    2169
    2388
    2520
    2598
    2470
    2422
    2254
    2015
    1699
    1475
    1204
     968
     686
     551
     367
     229
     174
     109
      63
      43
      19
      27
      18
       7
       4
       3
       6
       3
       4
       3
       2
       6
       5
       7
       2
       7
       3
       2
       7
       5
       2
       3
       8
       5
       3
       6
       3
       5
       5
       5
       3
       7
       5
       5
       4
       9
       1
       3
       3
       1
       2
       3
       1
       2
       1
       7
       1
       5
       5
       3
       4
       3
       4
       3
       0
       3
      10
       5
       3
       3
       7
       3
       7
       5
       5
       1
       3
       6
       6
       5
       5
       3
       3
       6
       6
       1
       3
       3
       3
       2
       3
       3
       2
       2
       2
       5
       3
       4
       1
       2
       1
       3
       1
       2
       7
       6
       4
       4
       5
       0
       3
       5
       4
       4
       2
       3
       4
       2
       0
       3
       3
       2
       0
       3
       2
       3
       2
       3
       2
       4
       3
       2
       0
       1
       1
       2
       0
       1
       4
       0
       0
       0
       4
       2
       1
       0
       2
       1
       1
       3
       1
       0
       0
       0
       2
       2
       0
       2
       0
       1
       3
       1
       2
       1
       0
       5
       3
       4
       0
       5
       2
       1
       1
       2
       1
       3
       2
       2
       3
       1
       2
       4
       1
       8
       2
       2
       4
       1
       3
       5
       3
       3
       5
       4
       4
       4
       2
       6
       3
       1
       4
       3
       3
       1
       2
       2
       1
       2
       1
       1
       0
       1
       1
       2
       1
       0
       2
       0
       0
       1
       1
       0
       0
       0
       0
       1
       0
       1
       1
       0
       0
       1
       1
       1
       1
       0
       1
       3
       1
       0
       0
       0
       0
       0
       0
       1
       0
       0
       0
       0
       1
       0
       2
       0
       0
       0
       2
       1
       0
       0
       1
       1
       3
       0
       2
       0
       2
       0
       0
       0
       0
       0
       0
       2
       1
       0
       2
       0
       0
       0
       0
       0
       0
       0
       0
       0
       0
       0
       0
       0
       0
       0
       0
       0
       0
       0
       0
       0
       0
       0
       0
       0
       0
       0
       0
       0
       0
       0
       0
       0
       0
       0
       0
       0
       0
       0
       0
       0
       0
       0
       0
       0
       0
       0
       0
$ROI:
1
162 198
$PRESETS:
Live Time
300
0
$ENER_FIT:
0.000000 3.991138
$MCA_CAL:
3
0.000000E+000 3.991138E+000 0.000000E+000 keV
$SHAPE_CAL:
3
1.151547E+001 0.000000E+000 0.000000E+000
