$SPEC_ID:
No sample description was entered.
$SPEC_REM:
DET# 1
DETDESC# PRAK01 Easy-MCA-2k SN 15071856
AP# Maestro Version 7.01
$DATE_MEA:
01/01/2002 01:43:56
$MEAS_TIM:
300 300
$DATA:
0 511
       0
       0
       0
       0
       0
       0
       0
       0
       0
       0
       0
       0
       0
       0
       0
       0
       0
       0
       0
       0
       0
       0
       0
       0
       0
       0
       0
       0
       0
       0
       0
       9
     325
     400
     463
     468
     424
     436
     519
     504
     476
     473
     497
     491
     538
     487
     506
     501
     485
     505
     527
     512
     548
     551
     572
     551
     607
     577
     597
     586
     607
     592
     574
     551
     559
     573
     557
     514
     544
     538
     495
     491
     511
     523
     473
     489
     494
     516
     478
     503
     429
     478
     514
     490
     449
     423
     454
     481
     464
     473
     457
     458
     441
     448
     418
     471
     413
     438
     466
     415
     447
     464
     465
     442
     470
     424
     461
     440
     449
     452
     459
     499
     492
     443
     443
     470
     483
     530
     435
     443
     448
     458
     481
     462
     426
     400
     392
     369
     371
     358
     322
     356
     270
     273
     269
     242
     219
     237
     204
     172
     214
     194
     175
     182
     189
     161
     165
     176
     179
     174
     167
     166
     163
     180
     190
     181
     179
     168
     202
     192
     182
     188
     228
     228
     260
     288
     341
     352
     510
     633
     834
     977
    1219
    1453
    1744
    2227
    2483
    2778
    2995
    3158
    3248
    3288
    3065
    2911
    2699
    2322
    1910
    1611
    1319
     969
     741
     534
     375
     252
     153
     110
      69
      35
      27
      16
      10
      10
       2
       6
       7
       8
       4
       6
       3
       5
       8
       1
       6
       4
       5
       3
       3
       4
       9
       5
       1
       2
       3
       3
       5
       0
       3
       6
       5
       4
       7
       2
       4
       3
       5
       1
       6
       3
       3
       2
       5
       3
       6
       2
       5
       3
       2
       7
       5
       6
       2
       5
       1
       5
       9
       2
       3
       3
       5
       6
       5
       4
       2
       3
       3
       6
       1
       2
       4
       2
       8
       7
       2
       3
       1
       2
       2
       3
       2
       5
       4
       3
       2
       4
       4
       1
       2
       5
       3
       5
       3
       3
       3
       0
       2
       3
       3
       4
       4
       1
       2
       3
       1
       4
       1
       1
       1
       4
       3
       5
       0
       1
       3
       3
       1
       1
       2
       1
       1
       2
       3
       3
       2
       3
       2
       1
       3
       2
       1
       2
       1
       4
       2
       5
       1
       2
       2
       0
       5
       1
       2
       5
       0
       2
       2
       2
       1
       0
       2
       2
       0
       1
       2
       1
       1
       0
       2
       2
       2
       2
       3
       1
       2
       3
       2
       1
       0
       2
       3
       3
       0
       2
       2
       3
       2
       3
       4
       5
       2
       1
       4
       1
       0
       3
       7
       1
       2
       3
       3
       0
       4
       3
       5
       2
       1
       2
       0
       0
       2
       1
       3
       0
       0
       0
       1
       2
       1
       1
       2
       0
       0
       0
       0
       0
       0
       2
       1
       0
       0
       1
       0
       0
       0
       0
       1
       3
       0
       0
       1
       1
       1
       0
       0
       0
       0
       0
       0
       1
       1
       2
       1
       0
       1
       0
       2
       1
       2
       1
       1
       0
       0
       0
       0
       0
       0
       1
       0
       0
       2
       0
       0
       0
       0
       0
       0
       0
       0
       0
       0
       0
       0
       0
       0
       0
       0
       0
       0
       0
       0
       0
       0
       0
       0
       0
       0
       0
       0
       0
       0
       0
       0
       0
       0
       0
       0
       0
       0
       0
       0
       0
       0
       0
       0
       0
       0
       0
       0
       0
       0
       0
       0
       0
$ROI:
1
162 198
$PRESETS:
Live Time
300
0
$ENER_FIT:
0.000000 3.991138
$MCA_CAL:
3
0.000000E+000 3.991138E+000 0.000000E+000 keV
$SHAPE_CAL:
3
1.151547E+001 0.000000E+000 0.000000E+000
