$SPEC_ID:
No sample description was entered.
$SPEC_REM:
DET# 1
DETDESC# PRAK01 Easy-MCA-2k SN 15071856
AP# Maestro Version 7.01
$DATE_MEA:
01/01/2002 01:18:10
$MEAS_TIM:
300 300
$DATA:
0 511
       0
       0
       0
       0
       0
       0
       0
       0
       0
       0
       0
       0
       0
       0
       0
       0
       0
       0
       0
       0
       0
       0
       0
       0
       0
       0
       0
       0
       0
       0
       0
       9
     415
     553
     601
     614
     647
     699
     647
     675
     640
     661
     656
     608
     666
     644
     677
     696
     662
     690
     742
     670
     750
     751
     793
     807
     834
     816
     802
     877
     871
     834
     795
     845
     790
     720
     715
     749
     734
     696
     731
     722
     719
     733
     701
     670
     633
     651
     665
     673
     659
     709
     633
     633
     626
     590
     631
     619
     638
     600
     631
     681
     580
     653
     605
     642
     615
     615
     577
     575
     545
     610
     587
     626
     642
     603
     635
     632
     597
     655
     614
     606
     648
     594
     698
     644
     634
     604
     672
     644
     684
     643
     611
     641
     606
     599
     593
     503
     510
     475
     442
     438
     388
     358
     347
     304
     302
     307
     265
     299
     267
     250
     238
     236
     231
     265
     240
     221
     215
     248
     249
     227
     242
     210
     214
     234
     245
     245
     249
     268
     239
     260
     311
     280
     335
     396
     477
     592
     691
     902
    1101
    1400
    1795
    2283
    2565
    3237
    3582
    3965
    4107
    4498
    4534
    4460
    4371
    3960
    3563
    3165
    2597
    2133
    1734
    1274
     996
     666
     452
     296
     208
     134
      70
      57
      27
      29
      16
      12
       7
       9
       9
       3
       7
       5
       2
       5
       9
       0
       7
       6
       1
       2
       6
       4
       5
       5
      10
      12
       2
       1
       4
       9
       6
       5
       5
       4
       9
       6
       5
       3
       3
       6
       4
       5
       3
       4
       4
       6
       6
       0
       2
       3
       7
       4
       5
       6
       8
       2
       3
       4
       2
       2
       3
       3
       4
       4
       1
       3
       6
       5
       3
       0
       3
       3
       3
       2
       0
       4
       3
       8
       5
       2
       3
       5
       3
       1
       3
       2
       4
       1
       4
       6
       2
       2
       3
       2
       3
       0
       3
       1
       7
       2
       4
       3
       3
       2
       7
       1
       4
       1
       3
       2
       4
       2
       4
       5
       2
       5
       1
       1
       0
       0
       2
       4
       2
       0
       0
       2
       4
       1
       2
       3
       1
       1
       1
       4
       1
       3
       3
       1
       2
       4
       0
       4
       2
       1
       0
       0
       1
       0
       2
       0
       1
       1
       1
       2
       2
       1
       1
       0
       5
       1
       2
       0
       2
       1
       3
       1
       1
       0
       1
       2
       0
       3
       2
       2
       2
       4
       2
       0
       4
       2
       3
       2
       5
       1
       4
       3
       5
       6
       6
       0
       1
       1
       6
       3
       2
       2
       1
       2
       1
       1
       1
       0
       1
       2
       2
       0
       1
       0
       2
       1
       3
       1
       0
       3
       0
       0
       1
       0
       0
       0
       3
       1
       0
       0
       1
       1
       0
       1
       0
       0
       1
       1
       0
       0
       1
       1
       1
       0
       0
       1
       1
       0
       1
       0
       0
       1
       0
       0
       3
       0
       0
       0
       1
       0
       0
       1
       0
       2
       1
       0
       0
       0
       0
       1
       1
       1
       0
       0
       0
       0
       0
       0
       0
       0
       0
       0
       0
       0
       0
       0
       0
       0
       0
       0
       0
       0
       0
       0
       0
       0
       0
       0
       0
       0
       0
       0
       0
       0
       0
       0
       0
       0
       0
       0
       0
       0
       0
       0
       0
       0
       0
       0
       0
       0
       0
       0
$ROI:
1
162 198
$PRESETS:
Live Time
300
0
$ENER_FIT:
0.000000 3.991138
$MCA_CAL:
3
0.000000E+000 3.991138E+000 0.000000E+000 keV
$SHAPE_CAL:
3
1.151547E+001 0.000000E+000 0.000000E+000
