$SPEC_ID:
No sample description was entered.
$SPEC_REM:
DET# 1
DETDESC# PRAK01 Easy-MCA-2k SN 15071856
AP# Maestro Version 7.01
$DATE_MEA:
01/01/2002 02:03:00
$MEAS_TIM:
300 300
$DATA:
0 511
       0
       0
       0
       0
       0
       0
       0
       0
       0
       0
       0
       0
       0
       0
       0
       0
       0
       0
       0
       0
       0
       0
       0
       0
       0
       0
       0
       0
       0
       0
       0
       7
     248
     329
     347
     383
     383
     393
     390
     382
     379
     397
     374
     401
     368
     399
     413
     380
     395
     439
     398
     430
     464
     401
     423
     467
     463
     444
     488
     449
     491
     432
     437
     436
     405
     451
     437
     395
     429
     374
     399
     419
     366
     408
     404
     344
     369
     388
     415
     377
     398
     373
     359
     413
     336
     344
     342
     363
     365
     345
     329
     384
     347
     319
     332
     378
     352
     342
     357
     352
     378
     345
     358
     332
     361
     363
     340
     342
     391
     350
     350
     361
     366
     367
     365
     371
     361
     358
     361
     321
     353
     351
     361
     364
     333
     328
     338
     298
     246
     257
     251
     231
     209
     215
     204
     187
     175
     146
     172
     164
     130
     136
     130
     150
     129
     134
     120
     114
     139
      99
     115
     145
     117
     141
     133
     146
     136
     142
     145
     143
     143
     170
     141
     177
     188
     219
     253
     304
     409
     511
     694
     815
     988
    1178
    1499
    1660
    1977
    2107
    2350
    2452
    2458
    2468
    2355
    2227
    1968
    1762
    1521
    1177
     927
     720
     537
     369
     225
     168
     114
      85
      41
      36
      20
      13
       9
       6
      10
       5
       9
       8
       4
       4
       6
       5
       5
       7
       7
       6
       2
       3
       4
       4
       4
       5
      10
       3
       6
       3
       2
       3
      10
       8
       4
       3
       5
       1
       3
       6
       5
       4
       5
       2
       9
       7
       7
       3
       0
       9
       8
       1
       6
       2
       3
       3
       5
       5
       3
       4
       8
       5
       3
       2
       4
       3
       1
       4
       5
       2
       1
       3
       3
       6
       1
       3
       1
       1
       3
       0
       2
       2
       1
       7
       3
       3
       3
       2
       3
       6
       5
       3
       5
       0
       1
       5
       1
       3
       3
       1
       3
       0
       1
       0
       4
       0
       4
       4
       6
       3
       1
       1
       1
       2
       4
       6
       1
       3
       3
       3
       1
       5
       3
       1
       1
       2
       0
       3
       2
       0
       3
       4
       1
       1
       1
       1
       2
       1
       2
       1
       2
       1
       3
       2
       0
       2
       3
       1
       1
       1
       1
       1
       1
       3
       0
       1
       1
       0
       1
       2
       1
       3
       1
       0
       1
       1
       3
       2
       0
       0
       4
       3
       2
       4
       1
       3
       6
       0
       3
       2
       1
       3
       3
       3
       3
       1
       7
       1
       4
       2
       8
       3
       3
       3
       2
       6
       2
       0
       4
       1
       3
       1
       2
       1
       2
       0
       0
       2
       1
       1
       1
       1
       1
       1
       2
       1
       0
       0
       1
       0
       0
       1
       0
       2
       0
       0
       2
       0
       1
       0
       1
       0
       0
       1
       0
       1
       1
       1
       3
       1
       1
       0
       1
       0
       1
       1
       1
       0
       1
       0
       0
       0
       2
       0
       0
       0
       1
       2
       0
       0
       1
       0
       0
       1
       1
       1
       1
       1
       1
       1
       0
       0
       0
       0
       0
       0
       0
       0
       0
       0
       0
       0
       0
       0
       0
       0
       0
       0
       0
       0
       0
       0
       0
       0
       0
       0
       0
       0
       0
       0
       0
       0
       0
       0
       0
       0
       0
       0
       0
       0
       0
       0
       0
       0
       0
       0
       0
       0
$ROI:
1
162 198
$PRESETS:
Live Time
300
0
$ENER_FIT:
0.000000 3.991138
$MCA_CAL:
3
0.000000E+000 3.991138E+000 0.000000E+000 keV
$SHAPE_CAL:
3
1.151547E+001 0.000000E+000 0.000000E+000
