$SPEC_ID:
No sample description was entered.
$SPEC_REM:
DET# 1
DETDESC# PRAK01 Easy-MCA-2k SN 15071856
AP# Maestro Version 7.01
$DATE_MEA:
01/01/2002 01:31:48
$MEAS_TIM:
300 300
$DATA:
0 511
       0
       0
       0
       0
       0
       0
       0
       0
       0
       0
       0
       0
       0
       0
       0
       0
       0
       0
       0
       0
       0
       0
       0
       0
       0
       0
       0
       0
       0
       0
       1
       4
     185
     274
     314
     321
     312
     305
     320
     322
     335
     316
     322
     353
     299
     333
     368
     362
     343
     352
     345
     356
     341
     397
     391
     403
     364
     372
     409
     358
     372
     362
     384
     383
     382
     387
     358
     338
     330
     354
     356
     338
     340
     346
     334
     322
     331
     354
     292
     327
     287
     311
     289
     313
     292
     298
     280
     290
     292
     303
     296
     323
     292
     293
     315
     289
     266
     289
     285
     285
     280
     262
     277
     279
     260
     295
     285
     259
     286
     271
     285
     286
     272
     276
     280
     287
     291
     290
     311
     293
     273
     298
     298
     268
     319
     272
     265
     250
     238
     238
     213
     210
     195
     188
     188
     163
     172
     151
     118
     136
     140
     143
     124
     109
     115
     123
     131
     101
     128
     122
     111
     116
     109
     106
     106
     112
     121
     109
     154
     146
     126
     126
     148
     139
     170
     176
     212
     258
     327
     368
     459
     621
     798
     970
    1093
    1364
    1595
    1628
    1858
    2004
    2097
    2074
    1992
    1930
    1661
    1516
    1270
    1050
     826
     629
     478
     369
     258
     172
     130
      73
      50
      23
      27
      14
       5
       8
       6
       5
       9
       7
       5
       5
       7
       4
       4
       2
       7
       6
       5
       3
       6
       6
       6
       8
       5
       2
       0
       3
       5
       5
       6
       4
       6
       1
       3
       5
       5
       4
       1
       2
       7
       3
       3
       3
       2
       3
       3
       7
       3
       3
       6
       4
       5
       4
       0
       2
      12
       3
       4
       1
       2
       4
       3
       2
       2
       6
       6
       5
       7
       5
       1
       3
       1
       5
       4
       4
       2
       4
       1
       6
       2
       5
       3
       3
       1
       3
       1
       3
       2
       4
       7
       0
       2
       3
       2
       6
       3
       3
       2
       2
       2
       4
       0
       2
       2
       6
       2
       4
       5
       7
       4
       4
       2
       2
       3
       0
       2
       0
       3
       2
       6
       2
       2
       2
       2
       2
       4
       1
       1
       0
       3
       2
       1
       1
       0
       1
       2
       3
       2
       1
       3
       0
       3
       1
       1
       2
       1
       1
       1
       1
       1
       2
       4
       1
       2
       3
       0
       2
       1
       0
       1
       1
       1
       1
       2
       0
       2
       1
       0
       0
       0
       2
       0
       1
       2
       2
       3
       2
       0
       2
       4
       3
       1
       6
       2
       2
       5
       5
       1
       2
       5
       3
       0
       1
       2
       1
       0
       4
       1
       3
       2
       2
       2
       0
       0
       0
       0
       3
       1
       2
       0
       0
       0
       0
       0
       0
       0
       2
       0
       1
       1
       0
       0
       0
       0
       0
       3
       0
       1
       1
       0
       2
       1
       0
       0
       1
       0
       0
       2
       0
       0
       0
       0
       1
       0
       0
       0
       2
       0
       2
       0
       1
       0
       0
       0
       1
       1
       0
       0
       4
       0
       1
       0
       1
       0
       0
       1
       1
       0
       0
       0
       0
       0
       0
       0
       0
       0
       0
       0
       0
       0
       0
       0
       0
       0
       0
       0
       0
       0
       0
       0
       0
       0
       0
       0
       0
       0
       0
       0
       0
       0
       0
       0
       0
       0
       0
       0
       0
       0
       0
       0
       0
       0
       0
       0
       0
$ROI:
1
162 198
$PRESETS:
Live Time
300
0
$ENER_FIT:
0.000000 3.991138
$MCA_CAL:
3
0.000000E+000 3.991138E+000 0.000000E+000 keV
$SHAPE_CAL:
3
1.151547E+001 0.000000E+000 0.000000E+000
