$SPEC_ID:
No sample description was entered.
$SPEC_REM:
DET# 1
DETDESC# PRAK01 Easy-MCA-2k SN 15071856
AP# Maestro Version 7.01
$DATE_MEA:
01/01/2002 01:10:48
$MEAS_TIM:
300 300
$DATA:
0 511
       0
       0
       0
       0
       0
       0
       0
       0
       0
       0
       0
       0
       0
       0
       0
       0
       0
       0
       0
       0
       0
       0
       0
       0
       0
       0
       0
       0
       0
       0
       0
      10
     402
     595
     615
     629
     653
     649
     597
     671
     600
     664
     662
     642
     665
     699
     696
     676
     703
     672
     748
     760
     753
     777
     783
     827
     838
     797
     801
     847
     852
     804
     807
     795
     731
     747
     770
     765
     755
     771
     771
     706
     750
     750
     704
     740
     693
     659
     631
     626
     651
     672
     664
     607
     624
     574
     633
     656
     623
     606
     638
     587
     633
     614
     641
     628
     661
     650
     619
     612
     622
     582
     640
     618
     635
     648
     637
     660
     638
     622
     624
     602
     600
     645
     648
     573
     665
     616
     650
     642
     672
     653
     617
     591
     602
     582
     578
     602
     535
     534
     454
     440
     388
     393
     382
     329
     302
     336
     296
     270
     276
     301
     270
     250
     233
     250
     238
     244
     220
     229
     246
     193
     236
     220
     208
     244
     262
     267
     258
     282
     290
     312
     300
     316
     354
     367
     464
     579
     748
     905
    1199
    1460
    1834
    2158
    2760
    3141
    3722
    4099
    4241
    4653
    4668
    4678
    4475
    4031
    3641
    3191
    2655
    2224
    1777
    1327
     928
     737
     451
     340
     188
     127
      79
      53
      31
      19
       9
      16
       9
       6
       6
       3
       4
       4
       1
       8
       4
       8
       8
       9
       5
       7
       2
       7
       1
       3
       4
       3
       8
       4
       7
       2
       4
       6
       5
       1
       4
       4
       2
       3
       4
       2
       6
       5
      11
       1
       7
       1
       5
      11
       5
       3
       4
       2
       6
       4
       7
       3
       2
       3
       1
       3
       8
       3
       1
       6
       2
       6
       1
       4
       3
       7
       4
       5
       2
       1
       8
       3
       5
       4
       2
       1
       4
       3
       3
       2
       1
       2
       4
       3
       1
       2
       4
       4
       3
       1
       5
       2
       1
       4
       3
       9
       2
       3
       6
       3
       6
       2
       0
       3
       0
       0
       5
       4
       0
       4
       0
       6
       3
       1
       1
       3
       3
       0
       0
       2
       2
       0
       5
       3
       2
       2
       1
       1
       0
       3
       2
       2
       3
       2
       0
       3
       2
       0
       3
       0
       1
       1
       1
       0
       5
       0
       1
       5
       3
       0
       2
       3
       3
       1
       0
       3
       2
       0
       2
       0
       0
       0
       0
       0
       0
       1
       1
       2
       1
       0
       5
       3
       2
       3
       2
       5
       3
       3
       4
       4
       4
       6
       3
       4
       2
       4
       1
       3
       2
       0
       4
       1
       3
       0
       3
       1
       1
       1
       0
       1
       0
       0
       0
       3
       2
       0
       0
       1
       0
       1
       0
       0
       0
       1
       0
       1
       2
       0
       0
       0
       1
       1
       0
       0
       0
       0
       1
       0
       0
       2
       1
       2
       0
       0
       0
       0
       0
       0
       0
       0
       0
       1
       1
       2
       1
       1
       1
       0
       2
       0
       0
       0
       1
       1
       0
       1
       0
       0
       2
       1
       1
       1
       0
       1
       0
       0
       0
       0
       0
       0
       0
       0
       0
       0
       0
       0
       0
       0
       0
       0
       0
       0
       0
       0
       0
       0
       0
       0
       0
       0
       0
       0
       0
       0
       0
       0
       0
       0
       0
       0
       0
       0
       0
       0
       0
       0
       0
       0
       0
       0
       0
       0
$ROI:
1
162 198
$PRESETS:
Live Time
300
0
$ENER_FIT:
0.000000 3.991138
$MCA_CAL:
3
0.000000E+000 3.991138E+000 0.000000E+000 keV
$SHAPE_CAL:
3
1.151547E+001 0.000000E+000 0.000000E+000
