$SPEC_ID:
No sample description was entered.
$SPEC_REM:
DET# 1
DETDESC# PRAK01 Easy-MCA-2k SN 15071856
AP# Maestro Version 7.01
$DATE_MEA:
01/01/2002 01:02:56
$MEAS_TIM:
300 300
$DATA:
0 511
       0
       0
       0
       0
       0
       0
       0
       0
       0
       0
       0
       0
       0
       0
       0
       0
       0
       0
       0
       0
       0
       0
       0
       0
       0
       0
       0
       0
       0
       0
       0
       5
     381
     622
     565
     614
     593
     654
     583
     634
     648
     670
     686
     643
     646
     676
     738
     682
     739
     670
     720
     739
     754
     754
     791
     820
     791
     792
     820
     849
     801
     796
     811
     830
     743
     809
     768
     763
     742
     727
     703
     690
     763
     712
     687
     641
     662
     664
     672
     673
     612
     646
     674
     622
     642
     626
     667
     643
     656
     601
     598
     612
     612
     624
     612
     632
     602
     639
     627
     645
     589
     635
     594
     656
     624
     604
     621
     606
     660
     660
     575
     680
     610
     626
     694
     678
     592
     645
     651
     584
     611
     632
     616
     649
     632
     594
     584
     545
     532
     492
     472
     412
     386
     352
     354
     318
     317
     276
     276
     256
     279
     270
     256
     224
     222
     237
     248
     199
     240
     235
     240
     233
     252
     226
     273
     242
     275
     222
     227
     221
     237
     277
     300
     318
     352
     390
     510
     616
     722
     881
    1219
    1444
    1777
    2280
    2694
    3139
    3608
    4039
    4342
    4474
    4589
    4626
    4239
    4069
    3494
    3042
    2531
    2074
    1696
    1247
     905
     677
     439
     284
     180
     135
      86
      32
      27
      19
      10
       9
       5
       6
      10
       6
       2
       4
       5
       2
       4
       4
       4
       4
       4
       2
       6
       4
       6
       6
       3
       4
       3
       5
       9
       8
       3
       5
       8
       3
       2
       3
       4
       2
       4
       4
       0
       4
       1
       7
       6
       5
       1
       4
       3
       4
       4
       3
       0
       2
       4
       5
       4
       2
       2
       1
       7
       3
       5
       4
       2
       4
       3
       6
       3
       3
       5
       4
       4
       1
       4
       1
       3
       2
       1
       1
       2
       4
       4
       3
       3
       4
       4
       0
       2
       3
       2
       0
       5
       1
       8
       2
       1
       5
       2
       0
       5
       7
       3
       3
       3
       3
       1
       8
       3
       3
       2
       3
       2
       1
       3
       3
       4
       1
       3
       4
       4
       1
       6
       4
       1
       1
       3
       2
       1
       2
       3
       0
       0
       3
       3
       2
       3
       3
       2
       0
       2
       2
       3
       0
       3
       5
       0
       3
       3
       3
       0
       3
       0
       0
       1
       1
       1
       4
       2
       1
       3
       1
       2
       3
       3
       0
       2
       2
       1
       2
       2
       3
       1
       5
       1
       3
       4
       4
       2
       2
       6
       2
       0
       2
       3
       2
       2
       6
       2
       4
       0
       3
       1
       3
       0
       3
       0
       2
       0
       0
       0
       1
       1
       1
       1
       1
       1
       1
       1
       0
       0
       0
       1
       0
       0
       0
       1
       2
       1
       1
       0
       0
       0
       0
       0
       1
       0
       0
       1
       0
       0
       0
       1
       0
       2
       1
       2
       0
       0
       0
       1
       0
       1
       0
       0
       0
       1
       0
       4
       0
       0
       1
       0
       1
       1
       0
       1
       0
       0
       0
       3
       0
       2
       0
       2
       0
       3
       1
       0
       0
       0
       0
       0
       0
       0
       0
       0
       0
       0
       0
       0
       0
       0
       0
       0
       0
       0
       0
       0
       0
       0
       0
       0
       0
       0
       0
       0
       0
       0
       0
       0
       0
       0
       0
       0
       0
       0
       0
       0
       0
       0
       0
       0
       0
       0
       0
$ROI:
1
162 198
$PRESETS:
Live Time
300
0
$ENER_FIT:
0.000000 3.991138
$MCA_CAL:
3
0.000000E+000 3.991138E+000 0.000000E+000 keV
$SHAPE_CAL:
3
1.151547E+001 0.000000E+000 0.000000E+000
