$SPEC_ID:
No sample description was entered.
$SPEC_REM:
DET# 1
DETDESC# PRAK01 Easy-MCA-2k SN 15071856
AP# Maestro Version 7.01
$DATE_MEA:
01/01/2002 00:55:18
$MEAS_TIM:
300 300
$DATA:
0 511
       0
       0
       0
       0
       0
       0
       0
       0
       0
       0
       0
       0
       0
       0
       0
       0
       0
       0
       0
       0
       0
       0
       0
       0
       0
       0
       0
       0
       0
       0
       0
       9
     417
     598
     607
     647
     641
     605
     669
     642
     604
     639
     644
     670
     684
     654
     672
     697
     746
     699
     710
     769
     716
     779
     783
     793
     796
     811
     816
     801
     874
     821
     845
     789
     776
     767
     765
     765
     733
     734
     734
     718
     716
     714
     710
     733
     677
     636
     676
     644
     627
     639
     677
     634
     645
     644
     597
     615
     610
     647
     632
     618
     616
     630
     681
     621
     656
     627
     607
     649
     625
     622
     640
     617
     636
     636
     626
     642
     667
     639
     643
     650
     644
     662
     647
     629
     652
     684
     651
     662
     676
     662
     622
     657
     616
     623
     570
     569
     509
     495
     447
     449
     382
     424
     338
     316
     334
     290
     303
     255
     273
     308
     244
     270
     252
     221
     241
     252
     250
     243
     222
     245
     227
     226
     276
     220
     240
     245
     281
     272
     291
     295
     264
     312
     326
     370
     455
     545
     643
     829
    1054
    1411
    1699
    2152
    2571
    2961
    3437
    3924
    4357
    4414
    4620
    4599
    4517
    4279
    3784
    3344
    2823
    2248
    1802
    1454
    1117
     738
     487
     342
     249
     158
      98
      73
      41
      25
      13
      17
      10
      11
       6
      10
       2
       3
       5
       4
       9
       5
       7
       7
       7
       6
       6
       2
       7
       9
       3
       6
       7
       3
       6
       3
      10
       1
       4
       2
       4
       5
       3
       2
       4
       3
       5
       3
       5
       5
       0
       7
       7
       3
       6
       4
       3
       2
       2
       3
       4
       4
       7
       5
       6
       3
       5
       4
       4
       3
       3
       4
       5
       2
       6
       6
       2
       3
       3
       3
       3
       3
       1
       4
       0
       6
       3
       5
       3
       4
       3
       1
       4
       6
       2
       2
       5
       4
       0
       3
       4
       3
       2
       3
       3
       1
       2
       3
       5
       6
       1
       5
       4
       5
       2
       3
       3
       5
       1
       1
       5
       0
       5
       3
       2
       2
       1
       5
       0
       2
       5
       1
       2
       2
       0
       7
       2
       2
       2
       1
       3
       5
       4
       3
       2
       2
       1
       4
       1
       3
       0
       1
       0
       2
       3
       0
       1
       2
       2
       2
       1
       1
       0
       1
       1
       0
       3
       1
       0
       2
       3
       3
       0
       2
       0
       0
       3
       4
       2
       1
       2
       5
       2
       4
       3
       4
       5
       2
       2
       5
       5
       2
       2
       7
       4
       2
       3
       5
       3
       4
       3
       0
       1
       1
       1
       0
       2
       1
       2
       1
       2
       0
       0
       1
       2
       0
       1
       2
       1
       1
       1
       1
       1
       2
       2
       0
       0
       1
       1
       1
       0
       1
       0
       1
       0
       0
       0
       0
       0
       0
       0
       1
       0
       1
       2
       0
       1
       1
       0
       0
       0
       0
       1
       0
       0
       2
       4
       1
       1
       0
       4
       1
       1
       1
       0
       1
       1
       1
       2
       0
       0
       0
       1
       2
       0
       0
       0
       0
       0
       0
       0
       0
       0
       0
       0
       0
       0
       0
       0
       0
       0
       0
       0
       0
       0
       0
       0
       0
       0
       0
       0
       0
       0
       0
       0
       0
       0
       0
       0
       0
       0
       0
       0
       0
       0
       0
       0
       0
       0
       0
       0
       0
$ROI:
1
162 198
$PRESETS:
Live Time
300
0
$ENER_FIT:
0.000000 3.991138
$MCA_CAL:
3
0.000000E+000 3.991138E+000 0.000000E+000 keV
$SHAPE_CAL:
3
1.151547E+001 0.000000E+000 0.000000E+000
