$SPEC_ID:
No sample description was entered.
$SPEC_REM:
DET# 1
DETDESC# PRAK01 Easy-MCA-2k SN 15071856
AP# Maestro Version 7.01
$DATE_MEA:
01/01/2002 00:47:18
$MEAS_TIM:
300 300
$DATA:
0 511
       0
       0
       0
       0
       0
       0
       0
       0
       0
       0
       0
       0
       0
       0
       0
       0
       0
       0
       0
       0
       0
       0
       0
       0
       0
       0
       0
       0
       0
       0
       0
       7
     375
     566
     509
     570
     610
     602
     624
     605
     582
     597
     627
     673
     645
     666
     615
     678
     648
     647
     687
     762
     672
     734
     681
     836
     759
     808
     766
     824
     797
     797
     804
     734
     726
     697
     717
     736
     698
     615
     699
     658
     669
     665
     668
     704
     635
     649
     617
     639
     625
     613
     612
     588
     596
     608
     590
     594
     576
     617
     612
     587
     601
     578
     543
     590
     598
     581
     620
     582
     591
     542
     602
     616
     612
     609
     593
     580
     643
     590
     604
     611
     548
     612
     604
     617
     573
     581
     579
     590
     585
     615
     603
     608
     612
     547
     542
     517
     529
     440
     411
     420
     342
     344
     303
     322
     275
     279
     251
     243
     239
     267
     254
     224
     253
     244
     235
     229
     220
     195
     248
     240
     238
     236
     234
     246
     248
     231
     240
     258
     283
     299
     287
     311
     369
     392
     491
     554
     750
    1001
    1203
    1467
    1787
    2328
    2526
    3059
    3455
    3847
    4060
    4242
    4365
    4213
    4073
    3694
    3344
    2883
    2300
    1907
    1484
    1103
     828
     614
     419
     236
     168
     120
      72
      45
      22
      12
      15
      10
       7
       9
       3
       4
       9
       8
       2
       7
       5
       7
       3
       9
       8
       4
       1
       3
       6
       5
       3
       5
       3
       3
       1
       6
       0
       5
       4
       1
       4
       6
       8
       5
       5
       6
       8
       2
       4
       3
       5
       6
       1
       3
       2
       3
       7
       4
       5
       3
       6
       6
       3
       4
       3
       2
       3
       4
       5
       3
       5
       1
       4
       1
       7
       5
       2
       0
       6
       2
       4
       1
       3
       7
       4
       1
       1
       0
       3
       1
       6
       5
       3
       4
       3
       3
       4
       3
       2
       4
       0
       3
       3
       7
       3
       2
       3
       2
       2
       3
       6
       3
       5
       1
       0
       2
       0
       2
       2
       2
       4
       3
       2
       2
       1
       1
       1
       1
       4
       1
       1
       3
       2
       0
       3
       4
       3
       5
       2
       3
       3
       2
       1
       1
       2
       0
       1
       2
       1
       0
       1
       2
       1
       2
       2
       2
       2
       1
       2
       2
       3
       2
       4
       3
       4
       1
       2
       0
       0
       3
       3
       3
       4
       4
       2
       1
       1
       1
       1
       3
       4
       2
       4
       6
       4
       1
       2
       4
       1
       2
       4
       3
       5
       2
       3
       2
       2
       4
       2
       2
       1
       1
       0
       1
       1
       1
       2
       3
       0
       1
       2
       1
       1
       2
       1
       2
       0
       2
       0
       1
       2
       2
       1
       0
       1
       1
       0
       0
       2
       1
       0
       1
       2
       0
       0
       0
       1
       0
       2
       0
       0
       0
       1
       1
       0
       0
       0
       0
       1
       0
       0
       1
       0
       2
       2
       0
       3
       0
       0
       1
       0
       2
       3
       1
       1
       2
       0
       0
       0
       2
       0
       3
       1
       3
       0
       0
       0
       0
       0
       0
       0
       0
       0
       0
       0
       0
       0
       0
       0
       0
       0
       0
       0
       0
       0
       0
       0
       0
       0
       0
       0
       0
       0
       0
       0
       0
       0
       0
       0
       0
       0
       0
       0
       0
       0
       0
       0
       0
       0
       0
       0
       0
$ROI:
1
162 198
$PRESETS:
Live Time
300
0
$ENER_FIT:
0.000000 3.991138
$MCA_CAL:
3
0.000000E+000 3.991138E+000 0.000000E+000 keV
$SHAPE_CAL:
3
1.151547E+001 0.000000E+000 0.000000E+000
