$SPEC_ID:
No sample description was entered.
$SPEC_REM:
DET# 1
DETDESC# PRAK01 Easy-MCA-2k SN 15071856
AP# Maestro Version 7.01
$DATE_MEA:
01/01/2002 02:10:14
$MEAS_TIM:
151 151
$DATA:
0 511
       0
       0
       0
       0
       0
       0
       0
       0
       0
       0
       0
       0
       0
       0
       0
       0
       0
       0
       0
       0
       0
       0
       0
       0
       0
       0
       0
       0
       0
       0
       0
       1
      16
      29
      39
      40
      42
      44
      38
      46
      45
      46
      46
      41
      38
      43
      48
      34
      50
      38
      46
      43
      50
      50
      54
      46
      37
      36
      38
      51
      37
      47
      32
      42
      30
      38
      38
      41
      48
      39
      35
      33
      43
      43
      24
      23
      36
      20
      21
      21
      30
      25
      29
      20
      27
      25
      20
      27
      30
      22
      17
      29
      18
      28
      24
      17
      17
      19
      13
      20
      21
      22
      22
      19
      14
      22
      23
      16
      14
      17
      24
      24
      26
      14
      11
      13
      20
      26
      32
      14
      12
      15
      14
      12
      11
      24
      13
      15
       8
      15
      13
      12
      12
       5
       5
      12
      11
      13
      10
      11
       5
       8
      11
      15
       7
       5
       7
       9
       4
       4
       9
       7
      10
       7
       7
       8
       7
      11
       6
       6
      14
      11
       8
       5
       9
      10
      20
      18
      20
      21
      18
      25
      24
      43
      41
      60
      72
      59
      64
      76
      71
      75
      77
      69
      59
      60
      42
      42
      26
      28
      15
      14
       6
       6
       2
       4
       3
       4
       4
       5
       0
       2
       2
       0
       5
       2
       1
       2
       0
       2
       5
       1
       0
       2
       4
       2
       4
       2
       4
       2
       3
       4
       1
       1
       2
       2
       1
       4
       1
       0
       2
       2
       2
       2
       0
       3
       3
       1
       1
       1
       1
       2
       1
       1
       5
       4
       0
       0
       1
       2
       4
       2
       2
       2
       2
       5
       1
       1
       3
       3
       2
       1
       0
       1
       2
       3
       1
       3
       5
       2
       0
       4
       0
       2
       1
       2
       3
       1
       1
       2
       0
       0
       2
       1
       1
       1
       1
       2
       2
       2
       2
       4
       2
       3
       1
       2
       2
       3
       2
       3
       2
       0
       3
       3
       1
       3
       1
       0
       4
       0
       1
       1
       2
       1
       6
       0
       1
       2
       2
       0
       0
       3
       1
       2
       2
       1
       1
       1
       1
       0
       1
       1
       0
       0
       0
       0
       0
       1
       1
       0
       0
       2
       1
       0
       2
       0
       1
       0
       2
       1
       0
       1
       0
       1
       1
       1
       0
       0
       0
       1
       2
       2
       1
       1
       2
       2
       0
       1
       0
       0
       0
       0
       1
       1
       2
       1
       0
       1
       1
       0
       2
       0
       2
       1
       1
       2
       1
       3
       0
       1
       1
       1
       1
       1
       1
       0
       0
       0
       2
       0
       0
       1
       0
       0
       0
       0
       0
       0
       0
       0
       2
       2
       2
       0
       1
       0
       0
       1
       0
       0
       2
       0
       0
       0
       1
       0
       0
       0
       0
       0
       1
       0
       1
       0
       0
       0
       0
       0
       1
       0
       0
       0
       0
       0
       1
       0
       0
       0
       0
       0
       1
       0
       0
       0
       0
       1
       1
       0
       0
       0
       0
       0
       1
       0
       0
       0
       0
       0
       0
       0
       0
       0
       0
       0
       0
       0
       0
       0
       0
       0
       0
       0
       0
       0
       0
       0
       0
       0
       0
       0
       0
       0
       0
       0
       0
       0
       0
       0
       0
       0
       0
       0
       0
       0
       0
       0
       0
       0
       0
       0
       0
       0
$ROI:
1
162 198
$PRESETS:
Integral
1200
0
$ENER_FIT:
0.000000 3.991138
$MCA_CAL:
3
0.000000E+000 3.991138E+000 0.000000E+000 keV
$SHAPE_CAL:
3
1.151547E+001 0.000000E+000 0.000000E+000
