$SPEC_ID:
No sample description was entered.
$SPEC_REM:
DET# 1
DETDESC# PRAK01 Easy-MCA-2k SN 15071856
AP# Maestro Version 7.01
$DATE_MEA:
01/01/2002 01:56:45
$MEAS_TIM:
300 300
$DATA:
0 511
       0
       0
       0
       0
       0
       0
       0
       0
       0
       0
       0
       0
       0
       0
       0
       0
       0
       0
       0
       0
       0
       0
       0
       0
       0
       0
       0
       0
       0
       0
       0
       3
      57
      98
      95
     102
      89
     113
      95
     119
     107
      82
     104
     105
     108
     100
      75
     105
      77
     105
      90
     100
     100
      93
      87
      99
      89
      70
     108
      82
      89
      98
      82
      79
      88
     103
      78
      81
      80
      86
      75
      72
      57
      69
      62
      71
      55
      43
      58
      77
      64
      60
      47
      62
      68
      52
      51
      53
      54
      46
      50
      39
      53
      56
      45
      41
      42
      49
      53
      36
      43
      48
      30
      33
      48
      48
      37
      45
      41
      50
      55
      43
      38
      39
      43
      41
      42
      46
      35
      39
      27
      24
      41
      27
      26
      31
      42
      50
      34
      25
      24
      30
      19
      27
      25
      19
      24
      19
      33
      22
      34
      16
      18
      15
      33
      17
      19
      31
      24
      28
      18
       9
      17
      12
      19
      22
      15
      22
      22
      20
      17
      16
      21
      20
      22
      35
      30
      31
      38
      47
      60
      57
      99
      79
     115
     141
     146
     160
     163
     160
     170
     146
     143
     135
     118
     111
      93
      67
      58
      47
      28
      27
      18
      12
       8
       8
       9
      13
       7
       7
       8
       4
       6
       4
       2
       3
       6
       4
       1
       6
       3
       3
       5
       2
       2
       5
       3
       6
       6
      11
       3
       4
       4
       2
       9
       3
       5
       3
       5
       4
       7
       3
       7
       4
       4
       4
       2
       3
       4
       3
       8
       5
       2
       7
       6
       3
       7
       7
       4
       3
       9
       4
       2
       3
       4
       0
       1
       4
       6
       1
       1
       4
       3
       3
       4
       1
       2
       4
       3
       2
       2
       3
       5
       2
       2
       3
       2
       4
       2
       1
       5
       6
       2
       2
       2
       5
       2
       2
       7
       0
       5
       5
       4
       6
       2
       3
       3
       4
       2
       5
       1
       4
       4
       4
       5
       2
       6
       3
       3
       2
       3
       3
       3
       0
       3
       4
       2
       3
       4
       3
       3
       2
       5
       1
       3
       1
       0
       1
       3
       0
       1
       3
       1
       2
       2
       1
       2
       0
       2
       2
       0
       1
       0
       3
       1
       2
       2
       0
       0
       1
       1
       3
       2
       0
       2
       0
       1
       0
       2
       3
       1
       4
       1
       2
       1
       3
       4
       5
       2
       5
       3
       3
       2
       4
       1
       5
       4
       5
       6
       8
       4
       0
       2
       4
       4
       4
       3
       4
       2
       0
       0
       1
       0
       0
       3
       0
       1
       0
       1
       1
       1
       0
       2
       1
       1
       2
       0
       0
       1
       1
       1
       1
       1
       0
       2
       0
       1
       0
       1
       0
       1
       0
       0
       0
       2
       0
       3
       1
       0
       0
       1
       0
       2
       0
       1
       0
       0
       2
       1
       1
       0
       0
       0
       1
       1
       1
       1
       0
       0
       1
       0
       0
       2
       2
       0
       2
       1
       0
       1
       1
       2
       1
       0
       0
       0
       0
       0
       0
       0
       0
       0
       0
       0
       0
       0
       0
       0
       0
       0
       0
       0
       0
       0
       0
       0
       0
       0
       0
       0
       0
       0
       0
       0
       0
       0
       0
       0
       0
       0
       0
       0
       0
       0
       0
       0
       0
       0
       0
       0
       0
       0
       0
$ROI:
1
162 198
$PRESETS:
Live Time
300
0
$ENER_FIT:
0.000000 3.991138
$MCA_CAL:
3
0.000000E+000 3.991138E+000 0.000000E+000 keV
$SHAPE_CAL:
3
1.151547E+001 0.000000E+000 0.000000E+000
