$SPEC_ID:
No sample description was entered.
$SPEC_REM:
DET# 1
DETDESC# PRAK01 Easy-MCA-2k SN 15071856
AP# Maestro Version 7.01
$DATE_MEA:
01/01/2002 02:21:08
$MEAS_TIM:
172 172
$DATA:
0 511
       0
       0
       0
       0
       0
       0
       0
       0
       0
       0
       0
       0
       0
       0
       0
       0
       0
       0
       0
       0
       0
       0
       0
       0
       0
       0
       0
       0
       0
       0
       0
       0
      15
      41
      58
      52
      57
      60
      59
      55
      54
      36
      41
      53
      60
      53
      61
      44
      46
      54
      45
      52
      45
      54
      38
      59
      57
      45
      55
      39
      39
      38
      42
      41
      44
      48
      39
      41
      49
      45
      24
      36
      47
      40
      41
      31
      38
      27
      39
      38
      30
      32
      25
      27
      29
      27
      30
      27
      27
      21
      17
      25
      21
      16
      28
      25
      23
      23
      16
      18
      27
      17
      15
      16
      27
      23
      19
      14
      10
      17
      11
      19
      20
      18
      21
      11
      18
      17
      19
      20
      21
      12
      20
      17
      14
      14
       8
      17
      17
      14
      16
      10
      12
      16
       8
      10
      12
       9
      14
      10
       7
       9
      13
       9
      14
       8
       6
      10
       8
      10
       8
      12
      11
       7
      11
       9
      11
      11
       7
       7
       8
       8
      16
      15
      12
      16
      14
      16
      15
      23
      23
      39
      38
      41
      63
      66
      70
      69
      88
      92
      90
      93
      68
      60
      61
      43
      30
      41
      25
      16
      12
       7
       9
       9
       6
       3
       6
       1
       4
       1
       3
       2
       6
       1
       5
       0
       1
       2
       2
       6
       2
       3
       6
       3
       1
       2
       2
       3
       4
       3
       4
       3
       1
       0
       2
       1
       1
       2
       2
       2
       1
       4
       2
       1
       4
       0
       2
       1
       2
       1
       1
       2
       0
       2
       1
       2
       5
       3
       2
       3
       6
       3
       3
       0
       5
       1
       4
       3
       3
       2
       5
       1
       2
       2
       2
       1
       4
       1
       3
       2
       0
       1
       2
       1
       1
       0
       1
       1
       2
       3
       1
       2
       2
       2
       2
       2
       1
       1
       2
       1
       3
       1
       1
       0
       3
       1
       1
       0
       1
       1
       1
       3
       0
       0
       2
       0
       0
       0
       0
       1
       2
       1
       1
       1
       3
       2
       0
       2
       0
       0
       3
       2
       1
       1
       4
       1
       3
       0
       1
       0
       0
       0
       0
       1
       2
       1
       2
       1
       0
       2
       1
       2
       0
       2
       3
       1
       2
       0
       1
       0
       0
       0
       0
       1
       1
       0
       1
       1
       0
       1
       2
       2
       0
       0
       2
       2
       2
       1
       2
       1
       1
       3
       2
       3
       1
       2
       3
       5
       0
       3
       3
       1
       0
       2
       0
       2
       4
       3
       2
       2
       4
       2
       1
       1
       3
       2
       1
       0
       1
       1
       0
       0
       0
       1
       0
       0
       1
       0
       1
       0
       0
       1
       0
       0
       1
       1
       0
       0
       0
       0
       0
       1
       0
       0
       0
       1
       0
       0
       0
       1
       0
       0
       0
       0
       1
       0
       1
       0
       0
       0
       0
       1
       1
       0
       0
       1
       0
       0
       1
       0
       1
       1
       0
       0
       0
       0
       0
       0
       0
       0
       0
       0
       0
       0
       0
       0
       0
       0
       0
       0
       0
       0
       0
       0
       0
       0
       0
       0
       0
       0
       0
       0
       0
       0
       0
       0
       0
       0
       0
       0
       0
       0
       0
       0
       0
       0
       0
       0
       0
       0
       0
       0
       0
       0
       0
       0
       0
       0
       0
       0
       0
       0
$ROI:
1
162 198
$PRESETS:
Integral
1300
0
$ENER_FIT:
0.000000 3.991138
$MCA_CAL:
3
0.000000E+000 3.991138E+000 0.000000E+000 keV
$SHAPE_CAL:
3
1.151547E+001 0.000000E+000 0.000000E+000
