$SPEC_ID:
No sample description was entered.
$SPEC_REM:
DET# 1
DETDESC# PRAK01 Easy-MCA-2k SN 15071856
AP# Maestro Version 7.01
$DATE_MEA:
01/01/2002 02:14:03
$MEAS_TIM:
327 327
$DATA:
0 511
       0
       0
       0
       0
       0
       0
       0
       0
       0
       0
       0
       0
       0
       0
       0
       0
       0
       0
       0
       0
       0
       0
       0
       0
       0
       0
       0
       0
       0
       0
       0
       4
      39
      73
      79
      85
     106
     107
      88
      92
      91
      80
      77
      98
      86
      88
      82
      92
      77
      81
      90
      96
      90
      93
      70
      68
      73
      69
      88
      77
      73
      90
      77
      68
      67
      59
      76
      57
      56
      54
      57
      61
      56
      57
      52
      44
      51
      53
      34
      47
      51
      43
      40
      37
      47
      51
      33
      35
      33
      36
      41
      34
      33
      43
      41
      42
      45
      33
      26
      36
      37
      26
      40
      29
      29
      40
      31
      20
      28
      34
      28
      24
      28
      35
      26
      27
      21
      23
      24
      30
      27
      24
      18
      24
      22
      27
      22
      21
      22
      22
      11
      19
      14
      15
      16
      17
      17
      21
      12
      13
      19
      17
      14
      20
      16
       8
      23
      13
      16
      18
      13
      18
      14
      16
      11
      14
      21
      13
      16
      12
      19
      18
      15
      11
      15
      11
      22
      22
      25
      19
      30
      27
      44
      47
      41
      52
      76
      68
      86
      87
      59
      65
      56
      56
      53
      27
      34
      34
      29
      22
      15
      10
       5
       6
       7
       4
      10
       3
       7
       5
       5
       6
       6
       6
       6
       6
       6
       2
       9
       8
       2
       2
       8
       4
       9
       3
       1
       4
       5
       7
       1
       2
       1
       3
       2
       7
       2
       6
       3
       4
       4
       8
       4
       1
       4
       7
       4
       4
       3
       4
       5
       6
       4
       2
       4
       5
       3
      10
       4
       5
       3
       3
       3
       6
       2
       4
       3
       2
       5
       5
       5
       5
       2
       4
       2
       4
       2
       2
       4
       5
       4
       3
       5
       0
       3
       2
       5
       3
       3
       8
       5
       2
       5
       4
       4
       3
       4
       5
       2
       3
       3
       4
       5
       3
       5
       4
       5
       0
       8
       5
       5
       3
       2
       3
       2
       4
       3
       3
       3
       2
       4
       3
       0
       4
       3
       1
       4
       2
       1
       2
       3
       3
       2
       2
       2
       3
       1
       0
       2
       4
       5
       0
       2
       1
       3
       2
       0
       1
       5
       2
       1
       1
       4
       1
       0
       1
       0
       2
       0
       0
       3
       0
       3
       0
       0
       2
       1
       2
       2
       1
       2
       0
       3
       3
       0
       2
       1
       4
       2
       2
       3
       1
       5
       4
       3
       4
       5
       3
       1
       6
       9
       5
       4
       5
       2
       2
       4
       2
       2
       3
       3
       2
       1
       2
       5
       4
       5
       1
       1
       0
       0
       0
       3
       1
       0
       1
       0
       1
       0
       0
       0
       0
       0
       3
       0
       1
       1
       0
       0
       0
       0
       0
       1
       1
       1
       0
       1
       0
       0
       0
       0
       0
       0
       1
       1
       2
       1
       0
       0
       0
       2
       2
       1
       1
       0
       1
       1
       1
       2
       0
       1
       1
       0
       0
       0
       1
       1
       0
       3
       2
       1
       1
       1
       1
       0
       0
       0
       0
       0
       0
       0
       0
       0
       0
       0
       0
       0
       0
       0
       0
       0
       0
       0
       0
       0
       0
       0
       0
       0
       0
       0
       0
       0
       0
       0
       0
       0
       0
       0
       0
       0
       0
       0
       0
       0
       0
       0
       0
       0
       0
       0
       0
$ROI:
1
162 198
$PRESETS:
Integral
1200
0
$ENER_FIT:
0.000000 3.991138
$MCA_CAL:
3
0.000000E+000 3.991138E+000 0.000000E+000 keV
$SHAPE_CAL:
3
1.151547E+001 0.000000E+000 0.000000E+000
