$SPEC_ID:
No sample description was entered.
$SPEC_REM:
DET# 1
DETDESC# PRAK01 Easy-MCA-2k SN 15071856
AP# Maestro Version 7.01
$DATE_MEA:
01/01/2002 02:33:42
$MEAS_TIM:
400 400
$DATA:
0 511
       0
       0
       0
       0
       0
       0
       0
       0
       0
       0
       0
       0
       0
       0
       0
       0
       0
       0
       0
       0
       0
       0
       0
       0
       0
       0
       0
       0
       0
       0
       0
       2
     129
     172
     205
     216
     220
     205
     243
     232
     225
     201
     233
     260
     257
     230
     215
     208
     226
     234
     233
     227
     224
     237
     229
     224
     249
     222
     238
     214
     241
     202
     247
     240
     201
     222
     194
     205
     207
     176
     201
     196
     192
     183
     192
     190
     180
     159
     182
     149
     171
     146
     165
     160
     154
     153
     161
     163
     122
     147
     157
     152
     176
     148
     170
     157
     147
     167
     155
     142
     140
     161
     143
     143
     134
     129
     130
     156
     162
     166
     156
     169
     152
     128
     148
     146
     143
     170
     143
     150
     143
     166
     145
     137
     136
     123
     119
     112
     114
     115
      97
      93
      87
      97
      72
      64
      94
      73
      67
      63
      86
      71
      57
      58
      47
      59
      60
      57
      70
      69
      68
      70
      65
      58
      59
      72
      62
      60
      67
      72
      79
      78
      81
      84
      97
     111
     125
     150
     175
     236
     266
     364
     472
     603
     672
     698
     849
     900
     938
     964
    1058
    1032
     980
     897
     733
     663
     510
     431
     340
     265
     166
     131
     101
      55
      39
      24
      23
      12
      15
       9
      11
       9
       9
       9
       6
       1
       4
       7
       5
      10
       6
       4
       6
       4
       6
       9
       7
       3
       7
       5
       7
      10
       4
       3
       9
       5
       7
       5
       4
       6
       7
       5
       7
       6
       5
       7
       2
       4
      10
       9
       5
       7
       3
       7
       6
       6
       5
       2
       7
       7
       5
       3
       1
       7
      11
       9
       3
       5
       4
       5
       5
       1
       4
       5
       2
       5
       4
       7
       3
       2
       2
       3
       4
       2
       6
       4
       2
       2
       8
       4
       9
       2
       1
       4
       2
       2
       0
       4
       5
       4
       3
       2
       4
       3
       4
       1
       4
       1
       3
       6
       6
       3
       4
       3
       4
       2
       2
       5
       5
       3
       1
       3
       2
       0
       2
       4
       3
       8
       3
       3
       1
       2
       4
       2
       4
       1
       6
       1
       3
       1
       3
       1
       1
       2
       3
       1
       1
       1
       6
       3
       1
       0
       0
       5
       1
       1
       1
       3
       2
       3
       2
       2
       3
       1
       2
       2
       1
       2
       4
       2
       0
       3
       1
       2
       0
       4
       1
       3
       7
       6
       3
       3
       2
       4
       2
       4
       1
       0
       4
       5
       5
       0
       4
       3
       2
       7
       2
       4
       4
       2
       0
       3
       2
       1
       1
       3
       0
       2
       2
       0
       1
       3
       3
       0
       2
       4
       0
       0
       2
       1
       1
       1
       0
       0
       2
       0
       0
       1
       1
       1
       1
       1
       0
       0
       0
       2
       3
       0
       0
       0
       1
       1
       0
       0
       0
       1
       1
       1
       1
       4
       1
       1
       1
       2
       2
       1
       0
       2
       0
       1
       0
       0
       1
       3
       1
       1
       0
       1
       1
       2
       1
       2
       1
       0
       0
       0
       0
       0
       0
       0
       0
       0
       0
       0
       0
       0
       0
       0
       0
       0
       0
       0
       0
       0
       0
       0
       0
       0
       0
       0
       0
       0
       0
       0
       0
       0
       0
       0
       0
       0
       0
       0
       0
       0
       0
       0
       0
       0
       0
       0
       0
       0
$ROI:
1
162 198
$PRESETS:
Live Time
400
0
$ENER_FIT:
0.000000 3.991138
$MCA_CAL:
3
0.000000E+000 3.991138E+000 0.000000E+000 keV
$SHAPE_CAL:
3
1.151547E+001 0.000000E+000 0.000000E+000
