$SPEC_ID:
No sample description was entered.
$SPEC_REM:
DET# 1
DETDESC# PRAK01 Easy-MCA-2k SN 15071856
AP# Maestro Version 7.01
$DATE_MEA:
01/01/2002 02:41:44
$MEAS_TIM:
400 400
$DATA:
0 511
       0
       0
       0
       0
       0
       0
       0
       0
       0
       0
       0
       0
       0
       0
       0
       0
       0
       0
       0
       0
       0
       0
       0
       0
       0
       0
       0
       0
       0
       0
       0
       6
     110
     138
     177
     198
     198
     213
     199
     168
     209
     196
     173
     186
     211
     170
     193
     204
     183
     214
     181
     184
     162
     184
     197
     198
     193
     184
     201
     176
     185
     179
     152
     166
     199
     182
     178
     163
     162
     154
     156
     144
     138
     176
     162
     155
     130
     157
     152
     141
     146
     141
     138
     132
     135
     144
     123
     144
     127
     119
     158
     132
     111
     126
     118
     131
     108
     118
     125
     111
     113
     112
     113
     134
     113
     128
     110
     123
     119
     108
     127
     113
     107
     102
     126
     131
     136
     114
     136
     105
     123
     114
     117
     102
     114
     104
     112
      83
      94
      86
      73
      72
      91
      62
      66
      67
      73
      63
      61
      63
      43
      44
      61
      48
      40
      52
      42
      44
      46
      55
      38
      38
      58
      45
      54
      47
      62
      57
      43
      45
      60
      56
      70
      63
      81
      89
      98
     113
     150
     192
     226
     298
     342
     444
     511
     573
     677
     703
     783
     804
     738
     693
     671
     621
     602
     483
     382
     336
     240
     175
     142
      88
      65
      43
      27
      24
      22
      10
      12
      11
       7
       8
      11
       5
       7
      10
       8
       3
       3
       4
       8
       8
       6
       2
       5
       9
       7
       5
       5
       5
       6
       6
       6
       7
       2
       5
       4
       4
       3
       5
       7
      10
       4
       3
       3
       4
       5
       2
       5
       7
       8
       5
       2
       8
       7
      11
       4
       4
       8
       7
       4
       8
       5
       2
       7
       4
       9
       5
       6
       2
       5
       8
       9
       4
       6
       2
       7
       4
       2
       3
       3
       5
       5
       5
       0
       4
       6
       2
       7
       5
       4
       1
       4
       3
       4
       3
       3
       4
       4
       4
       3
       2
       1
       2
       4
       3
       4
       3
       2
       3
       0
       5
       4
       5
       3
       4
       2
       1
       6
       5
       5
       2
       1
       6
       2
       3
       3
       5
       2
       3
       4
       1
       2
       5
       1
       1
       4
       2
       1
       0
       0
       4
       2
       1
       0
       2
       3
       1
       2
       2
       5
       3
       0
       5
       2
       0
       4
       3
       1
       2
       3
       3
       2
       1
       2
       2
       4
       1
       3
       3
       1
       1
       4
       1
       5
       3
       4
       4
       1
       4
       3
       7
       6
       6
       9
       5
       4
       7
       2
       6
       4
       2
       4
       3
       4
       2
       6
       4
       2
       1
       1
       4
       4
       4
       2
       0
       1
       1
       1
       1
       2
       0
       2
       1
       1
       0
       2
       0
       0
       2
       1
       2
       0
       0
       0
       0
       1
       1
       0
       1
       1
       1
       0
       0
       1
       1
       0
       0
       1
       1
       1
       0
       1
       2
       1
       0
       0
       1
       1
       0
       1
       2
       0
       0
       0
       0
       0
       0
       1
       2
       0
       1
       0
       2
       2
       1
       0
       2
       0
       0
       0
       1
       0
       0
       0
       0
       0
       0
       0
       0
       0
       0
       0
       0
       0
       0
       0
       0
       0
       0
       0
       0
       0
       0
       0
       0
       0
       0
       0
       0
       0
       0
       0
       0
       0
       0
       0
       0
       0
       0
       0
       0
       0
       0
       0
       0
       0
       0
       0
       0
       0
       0
$ROI:
1
162 198
$PRESETS:
Live Time
400
0
$ENER_FIT:
0.000000 3.991138
$MCA_CAL:
3
0.000000E+000 3.991138E+000 0.000000E+000 keV
$SHAPE_CAL:
3
1.151547E+001 0.000000E+000 0.000000E+000
