$SPEC_ID:
No sample description was entered.
$SPEC_REM:
DET# 1
DETDESC# PRAK01 Easy-MCA-2k SN 15071856
AP# Maestro Version 7.01
$DATE_MEA:
01/01/2002 02:50:00
$MEAS_TIM:
400 400
$DATA:
0 511
       0
       0
       0
       0
       0
       0
       0
       0
       0
       0
       0
       0
       0
       0
       0
       0
       0
       0
       0
       0
       0
       0
       0
       0
       0
       0
       0
       0
       0
       0
       0
       5
     293
     375
     446
     441
     451
     479
     459
     430
     449
     441
     478
     456
     493
     482
     495
     483
     515
     500
     469
     478
     491
     486
     502
     508
     482
     593
     544
     530
     532
     542
     521
     535
     488
     485
     539
     461
     532
     482
     484
     479
     456
     464
     480
     472
     434
     461
     418
     477
     444
     406
     466
     422
     404
     426
     419
     391
     451
     393
     385
     388
     401
     394
     422
     398
     439
     395
     408
     409
     446
     401
     418
     411
     401
     418
     382
     419
     370
     397
     426
     406
     406
     404
     409
     431
     437
     379
     423
     441
     401
     427
     373
     426
     365
     355
     371
     345
     341
     336
     280
     262
     273
     231
     236
     205
     194
     163
     199
     167
     189
     157
     149
     164
     151
     143
     155
     176
     130
     153
     159
     149
     169
     174
     158
     180
     163
     160
     200
     180
     172
     159
     189
     206
     247
     297
     382
     448
     537
     650
     884
    1125
    1349
    1704
    1961
    2251
    2506
    2917
    2912
    3104
    3108
    3032
    2864
    2560
    2222
    1920
    1546
    1246
     968
     720
     494
     378
     278
     170
      85
      70
      43
      35
      15
      17
       8
       4
       8
      10
       5
      11
      11
      12
       9
       6
       9
       9
      11
       7
       8
       6
       5
       4
       6
       8
       7
       1
       6
       5
       7
      11
       4
       9
       4
       8
       1
       3
       5
       3
       3
       7
       4
      10
       6
       5
       2
       5
       3
       3
       9
       9
       3
       4
      14
       7
      10
       6
       8
       5
       5
       5
       6
       3
       6
       7
       4
       5
       4
       4
       2
       6
       5
       3
       5
       5
       5
       2
       3
       4
       6
       5
       5
       2
       3
       3
       3
       3
       5
       5
       5
       2
       7
       5
       5
       3
       2
       1
       7
       4
       6
       5
       2
       0
       5
       6
       5
       5
       1
       2
       4
       3
       1
       5
       5
       3
       3
       2
       3
       3
       3
       5
       3
       1
       0
       4
       4
       5
       2
       1
       1
       2
       4
       2
       0
       2
       1
       3
       1
       2
       3
       1
       3
       2
       1
       2
       3
       2
       2
       2
       8
       1
       3
       2
       1
       1
       1
       4
       1
       2
       4
       2
       1
       1
       3
       2
       4
       2
       2
       1
       3
       2
       5
       2
       2
       4
       2
       5
       6
       5
       3
       3
       3
       4
       4
       2
       7
       2
       4
       5
       3
       2
       2
       4
       4
       5
       2
       0
       1
       1
       1
       0
       1
       1
       1
       1
       0
       1
       0
       2
       3
       2
       2
       2
       2
       1
       1
       1
       2
       0
       2
       0
       2
       0
       4
       1
       0
       0
       1
       0
       2
       1
       0
       1
       1
       1
       4
       1
       0
       1
       1
       1
       1
       1
       1
       1
       3
       2
       1
       1
       0
       1
       1
       0
       0
       1
       2
       0
       0
       0
       2
       1
       0
       1
       0
       2
       1
       0
       0
       0
       0
       0
       0
       0
       0
       0
       0
       0
       0
       0
       0
       0
       0
       0
       0
       0
       0
       0
       0
       0
       0
       0
       0
       0
       0
       0
       0
       0
       0
       0
       0
       0
       0
       0
       0
       0
       0
       0
       0
       0
       0
       0
       0
       0
       0
       0
       0
       0
$ROI:
1
162 198
$PRESETS:
Live Time
400
0
$ENER_FIT:
0.000000 3.991138
$MCA_CAL:
3
0.000000E+000 3.991138E+000 0.000000E+000 keV
$SHAPE_CAL:
3
1.151547E+001 0.000000E+000 0.000000E+000
