$SPEC_ID:
No sample description was entered.
$SPEC_REM:
DET# 1
DETDESC# PRAK01 Easy-MCA-2k SN 15071856
AP# Maestro Version 7.01
$DATE_MEA:
01/01/2002 02:58:10
$MEAS_TIM:
400 400
$DATA:
0 511
       0
       0
       0
       0
       0
       0
       0
       0
       0
       0
       0
       0
       0
       0
       0
       0
       0
       0
       0
       0
       0
       0
       0
       0
       0
       0
       0
       0
       0
       0
       0
       9
     289
     444
     460
     479
     460
     504
     518
     491
     505
     512
     468
     503
     519
     476
     517
     548
     533
     544
     545
     565
     564
     604
     592
     610
     576
     574
     593
     620
     591
     561
     537
     534
     548
     596
     557
     574
     513
     535
     531
     509
     504
     538
     479
     456
     495
     491
     470
     482
     449
     434
     475
     491
     446
     489
     486
     409
     438
     488
     420
     442
     459
     436
     446
     425
     435
     409
     490
     492
     450
     449
     430
     443
     454
     419
     463
     441
     449
     466
     467
     473
     478
     444
     401
     417
     470
     449
     420
     448
     478
     443
     444
     433
     423
     392
     382
     404
     374
     356
     334
     316
     295
     265
     250
     231
     219
     210
     185
     175
     210
     184
     167
     156
     187
     158
     150
     171
     167
     168
     166
     173
     181
     151
     162
     176
     173
     184
     179
     182
     227
     207
     215
     256
     292
     312
     358
     454
     527
     746
     917
    1201
    1485
    1784
    2080
    2437
    2764
    2966
    3129
    3414
    3258
    3186
    2965
    2738
    2369
    2098
    1802
    1375
    1032
     791
     565
     412
     261
     172
      94
      71
      49
      28
      16
      13
      10
       7
      10
       8
       6
       9
       6
       7
       7
       6
       8
       3
       9
       6
       5
       2
       2
       5
       9
      10
       5
       3
       7
       7
       3
       5
       6
       3
       4
       4
       5
       6
       4
       6
       9
       5
       5
       8
       3
       6
       4
       7
       5
       3
       2
       7
       4
       4
       4
       5
       5
       2
       5
       6
       3
       2
       5
       3
       5
       6
       3
       2
       4
       2
       2
       4
       2
       3
       4
       6
       4
       4
       3
       2
       7
       4
       2
       3
       5
       2
       5
       4
       1
       3
       1
       3
       2
       4
       6
       6
       5
       3
       4
       4
       5
       4
       1
       2
       1
       2
       4
       2
       1
       9
       7
       6
       5
       1
       2
       4
       1
       7
       3
       2
       1
       5
       2
       4
       0
       4
       4
       0
       6
       4
       2
       0
       2
       7
       3
       2
       3
       4
       1
       3
       5
       1
       3
       1
       1
       2
       2
       3
       3
       1
       0
       3
       5
       2
       2
       4
       2
       4
       3
       1
       4
       2
       2
       0
       4
       3
       4
       6
       3
       1
       3
       1
       0
       2
       3
       3
       3
       4
       1
       5
       5
       2
       2
       8
       6
       4
       8
       7
       7
       9
       5
       4
       3
       6
       3
       4
       6
       2
       0
       5
       3
       1
       2
       2
       2
       0
       0
       1
       1
       2
       2
       0
       0
       1
       1
       0
       0
       1
       0
       2
       3
       0
       1
       0
       1
       1
       1
       2
       1
       2
       0
       3
       1
       0
       0
       0
       0
       0
       0
       0
       1
       1
       0
       0
       0
       1
       1
       1
       1
       0
       0
       1
       0
       1
       1
       2
       0
       1
       2
       1
       0
       0
       1
       0
       0
       2
       0
       1
       1
       1
       0
       0
       0
       0
       0
       0
       0
       1
       0
       0
       0
       0
       0
       0
       0
       0
       0
       0
       0
       0
       0
       0
       0
       0
       0
       0
       0
       0
       0
       0
       0
       0
       0
       0
       0
       0
       0
       0
       0
       0
       0
       0
       0
       0
       0
       0
       0
       0
$ROI:
1
162 198
$PRESETS:
Live Time
400
0
$ENER_FIT:
0.000000 3.991138
$MCA_CAL:
3
0.000000E+000 3.991138E+000 0.000000E+000 keV
$SHAPE_CAL:
3
1.151547E+001 0.000000E+000 0.000000E+000
