$SPEC_ID:
No sample description was entered.
$SPEC_REM:
DET# 1
DETDESC# PRAK01 Easy-MCA-2k SN 15071856
AP# Maestro Version 7.01
$DATE_MEA:
01/01/2002 04:08:09
$MEAS_TIM:
400 400
$DATA:
0 511
       0
       0
       0
       0
       0
       0
       0
       0
       0
       0
       0
       0
       0
       0
       0
       0
       0
       0
       0
       0
       0
       0
       0
       0
       0
       0
       0
       0
       0
       0
       0
      15
     289
     395
     435
     437
     453
     455
     473
     493
     488
     513
     447
     492
     522
     473
     521
     481
     515
     519
     506
     524
     567
     537
     550
     587
     569
     549
     558
     562
     581
     528
     547
     560
     536
     555
     531
     507
     539
     540
     530
     501
     500
     490
     461
     485
     470
     481
     452
     469
     460
     457
     479
     444
     451
     430
     418
     454
     455
     473
     453
     436
     436
     399
     422
     430
     481
     425
     419
     425
     441
     426
     422
     429
     439
     414
     429
     415
     451
     451
     447
     442
     430
     446
     440
     423
     435
     458
     436
     435
     433
     466
     459
     458
     447
     404
     406
     419
     373
     341
     300
     286
     278
     257
     239
     224
     233
     195
     216
     200
     171
     180
     197
     190
     181
     189
     191
     166
     162
     150
     153
     170
     146
     159
     172
     171
     145
     162
     191
     188
     197
     196
     190
     190
     204
     249
     288
     359
     453
     501
     651
     850
    1098
    1272
    1622
    1884
    2197
    2544
    2923
    3097
    3216
    3168
    3208
    2911
    2844
    2480
    2191
    1815
    1476
    1154
     918
     619
     420
     336
     188
     140
      82
      52
      34
      20
      11
      15
       9
       7
      13
      10
      10
       7
       5
       9
       8
       8
      10
       6
       4
       3
       6
       6
       9
       4
       7
       7
       3
       5
       5
       3
       4
       5
       8
       4
       3
       1
       8
       3
       7
       5
       5
       6
       3
       7
       3
       5
       5
       9
       4
       7
       9
      10
       9
       5
       6
       3
       9
       4
       8
       5
       5
       9
       6
       3
       3
       5
       2
       2
       5
       8
       3
       7
       1
       5
       2
       3
       2
       6
       6
       5
       1
       1
       4
       2
       2
       6
       3
       2
       7
       3
       5
       5
       5
       2
       2
       3
       2
       2
       2
       3
       1
       4
       7
       2
       3
       2
       3
       7
       3
       3
       3
       3
       3
       1
       4
       3
       4
       1
       2
       1
       4
       5
       2
       1
       4
       7
       5
       2
       1
       2
       1
       3
       0
       0
       2
       2
       0
       2
       2
       2
       6
       1
       1
       2
       3
       2
       0
       2
       4
       2
       1
       3
       0
       1
       1
       2
       3
       1
       2
       1
       2
       1
       2
       2
       1
       0
       6
       2
       2
       0
       4
       0
       5
       4
       0
       3
       3
       6
       5
       6
       3
       2
       5
       5
       4
       2
       1
       5
       3
       4
       3
       5
       4
       2
       7
       2
       6
       1
       1
       2
       3
       1
       2
       0
       0
       2
       2
       1
       1
       1
       0
       1
       0
       1
       1
       3
       0
       0
       0
       1
       0
       1
       1
       0
       0
       1
       0
       1
       1
       2
       0
       0
       1
       1
       3
       1
       0
       1
       0
       0
       1
       0
       1
       0
       0
       1
       0
       1
       1
       0
       1
       1
       1
       0
       1
       0
       0
       1
       2
       0
       0
       2
       0
       0
       0
       0
       2
       0
       0
       0
       0
       0
       0
       0
       0
       0
       0
       0
       0
       0
       0
       0
       0
       0
       0
       0
       0
       0
       0
       0
       0
       0
       0
       0
       0
       0
       0
       0
       0
       0
       0
       0
       0
       0
       0
       0
       0
       0
       0
       0
       0
       0
       0
       0
       0
       0
$ROI:
1
162 198
$PRESETS:
Live Time
400
0
$ENER_FIT:
0.000000 3.991138
$MCA_CAL:
3
0.000000E+000 3.991138E+000 0.000000E+000 keV
$SHAPE_CAL:
3
1.151547E+001 0.000000E+000 0.000000E+000
