$SPEC_ID:
No sample description was entered.
$SPEC_REM:
DET# 1
DETDESC# PRAK01 Easy-MCA-2k SN 15071856
AP# Maestro Version 7.01
$DATE_MEA:
01/01/2002 00:36:54
$MEAS_TIM:
301 302
$DATA:
0 511
       0
       0
       0
       0
       0
       0
       0
       0
       0
       0
       0
       0
       0
       0
       0
       0
       0
       0
       0
       0
       0
       0
       0
       0
       0
       0
       0
       0
       0
       0
       0
      10
     469
     600
     619
     649
     638
     658
     719
     697
     605
     671
     679
     718
     739
     729
     765
     728
     731
     745
     699
     804
     794
     803
     787
     816
     855
     930
     849
     870
     886
     905
     887
     862
     778
     824
     833
     815
     817
     788
     774
     733
     782
     743
     728
     707
     684
     682
     741
     689
     640
     687
     718
     653
     694
     645
     682
     674
     642
     691
     663
     645
     668
     674
     631
     613
     656
     625
     671
     645
     656
     699
     632
     702
     630
     655
     633
     622
     666
     700
     706
     704
     681
     720
     629
     689
     660
     690
     627
     695
     687
     676
     675
     622
     691
     645
     612
     575
     514
     552
     469
     447
     414
     389
     379
     330
     354
     319
     326
     273
     252
     259
     267
     265
     244
     265
     243
     248
     252
     257
     235
     229
     266
     234
     236
     228
     269
     258
     274
     246
     277
     300
     297
     314
     344
     435
     465
     554
     665
     895
    1117
    1427
    1763
    2121
    2621
    3092
    3494
    4033
    4464
    4554
    4855
    4776
    4719
    4478
    3966
    3549
    3018
    2456
    2041
    1557
    1136
     807
     609
     420
     266
     164
     110
      64
      41
      26
      12
      11
       6
       4
      10
       5
       8
       2
       8
       3
       5
       5
       4
       4
       4
       4
       9
       6
       5
       3
       6
       5
       4
       6
       5
       5
       3
       3
       2
       3
      10
       5
       4
       3
       2
       4
       5
       4
       6
       6
       5
       9
       5
       5
       1
       5
       3
       9
       1
       2
       2
       5
       4
       3
       3
       3
       0
       6
       4
       3
       5
       1
       4
       7
       8
       3
       3
       3
       1
       3
       1
       2
       1
       2
       3
       2
       3
       3
       2
       2
       4
       3
       5
       3
       5
       2
       0
       2
       3
       6
       2
       0
       6
       2
       3
       3
       5
       6
       3
       0
       3
       6
       1
       1
       4
       0
       3
       2
       5
       2
       3
       1
       4
       2
       0
       3
       1
       2
       5
       2
       3
       2
       2
       0
       3
       2
       0
       0
       4
       2
       1
       1
       1
       2
       0
       1
       1
       0
       1
       2
       0
       7
       1
       1
       1
       2
       1
       4
       3
       2
       2
       4
       1
       2
       4
       2
       3
       1
       3
       2
       1
       3
       2
       3
       3
       2
       2
       2
       4
       2
       5
       1
       1
       2
       5
       2
       4
       2
       7
       2
       1
       6
       2
       4
       2
       3
       3
       0
       6
       3
       1
       1
       3
       1
       2
       2
       2
       5
       2
       0
       3
       0
       1
       1
       1
       0
       0
       1
       1
       0
       0
       0
       0
       1
       0
       1
       2
       0
       0
       0
       0
       1
       0
       1
       0
       0
       2
       0
       1
       1
       0
       0
       0
       2
       0
       1
       0
       0
       0
       1
       0
       2
       0
       0
       0
       0
       0
       0
       1
       1
       1
       1
       1
       1
       1
       1
       0
       1
       0
       1
       0
       3
       0
       1
       0
       0
       0
       0
       0
       0
       0
       0
       0
       0
       0
       0
       0
       0
       0
       0
       0
       0
       0
       0
       0
       0
       0
       0
       0
       0
       0
       0
       0
       0
       0
       0
       0
       0
       0
       0
       0
       0
       0
       0
       0
       0
       0
       0
       0
       0
       0
       0
$ROI:
1
162 198
$PRESETS:
Real Time
3000
0
$ENER_FIT:
0.000000 3.991138
$MCA_CAL:
3
0.000000E+000 3.991138E+000 0.000000E+000 keV
$SHAPE_CAL:
3
1.151547E+001 0.000000E+000 0.000000E+000
