$SPEC_ID:
No sample description was entered.
$SPEC_REM:
DET# 1
DETDESC# PRAK01 Easy-MCA-2k SN 15071856
AP# Maestro Version 7.01
$DATE_MEA:
01/01/2002 03:05:49
$MEAS_TIM:
400 400
$DATA:
0 511
       0
       0
       0
       0
       0
       0
       0
       0
       0
       0
       0
       0
       0
       0
       0
       0
       0
       0
       0
       0
       0
       0
       0
       0
       0
       0
       0
       0
       0
       0
       0
       2
      98
     133
     167
     187
     158
     168
     159
     163
     175
     181
     168
     169
     189
     175
     171
     168
     177
     161
     180
     192
     191
     183
     170
     173
     174
     182
     174
     146
     195
     159
     137
     152
     142
     143
     149
     147
     145
     133
     143
     129
     147
     118
     130
     120
     117
     127
     120
     124
     113
     113
     113
     107
     102
      99
     116
     137
     114
      87
     108
     111
     115
     106
     113
      89
      86
     108
      95
      92
      83
     106
     102
      79
      97
      83
     106
      84
      93
     100
      96
      77
      99
     107
      98
      94
     107
      88
      90
      76
      80
      84
      92
      87
      96
      85
      71
      69
      72
      71
      77
      60
      50
      58
      59
      36
      45
      49
      51
      59
      51
      46
      33
      38
      35
      40
      41
      36
      45
      46
      39
      38
      47
      43
      32
      44
      51
      54
      41
      48
      59
      46
      51
      59
      65
      68
      80
      84
     126
     154
     223
     252
     309
     320
     387
     437
     483
     504
     523
     529
     541
     477
     472
     425
     349
     269
     218
     160
     142
      97
      79
      68
      35
      28
      23
      14
       8
      10
       5
       7
       7
       9
       9
       5
       7
       3
       9
       8
       8
       6
       4
       7
       3
       2
       6
       3
       4
       4
       6
       7
       4
       6
       9
       4
       5
       5
       5
       3
       4
       5
       1
       5
       2
       5
       8
       2
       3
       6
       1
       2
       2
       7
       8
       5
       5
       2
       6
       3
       9
       3
       8
       8
       5
       3
       5
       3
       2
       4
       6
       5
       4
       8
       2
       2
       5
       2
       5
       1
       2
       4
       2
       3
       3
       1
       2
       3
       2
       3
       4
       2
       4
       3
       5
       2
       3
       3
       3
       1
       4
       5
       4
       3
       5
       2
       6
       4
       5
       2
       3
       4
       6
       2
       2
       2
       2
       4
       4
       2
       2
       1
       5
       5
       0
       3
       4
       6
       1
       4
       3
       1
       4
       2
       4
       4
       0
       3
       2
       5
       4
       5
       4
       2
       3
       3
       2
       3
       2
       1
       2
       1
       0
       2
       1
       3
       1
       3
       1
       8
       3
       1
       1
       1
       1
       2
       3
       3
       2
       0
       4
       1
       2
       3
       2
       3
       1
       3
       2
       1
       5
       3
       3
       3
       3
      10
       3
       2
       3
       6
       2
       3
       3
       2
       8
       5
       1
       5
       2
       1
       4
       2
       3
       1
       2
       0
       1
       1
       0
       1
       0
       2
       0
       0
       2
       1
       0
       1
       0
       1
       1
       3
       0
       2
       0
       0
       1
       2
       1
       1
       0
       0
       0
       0
       1
       1
       0
       1
       0
       3
       0
       1
       0
       0
       0
       0
       0
       0
       1
       0
       2
       0
       2
       0
       2
       1
       0
       0
       2
       1
       1
       0
       2
       0
       2
       0
       1
       0
       0
       2
       1
       0
       4
       0
       1
       0
       0
       0
       0
       0
       0
       0
       0
       0
       0
       0
       0
       0
       0
       0
       0
       0
       0
       0
       0
       0
       0
       0
       0
       0
       0
       0
       0
       0
       0
       0
       0
       0
       0
       0
       0
       0
       0
       0
       0
       0
       0
       0
       0
       0
       0
       0
       0
       0
$ROI:
1
162 198
$PRESETS:
Live Time
400
0
$ENER_FIT:
0.000000 3.991138
$MCA_CAL:
3
0.000000E+000 3.991138E+000 0.000000E+000 keV
$SHAPE_CAL:
3
1.151547E+001 0.000000E+000 0.000000E+000
