$SPEC_ID:
No sample description was entered.
$SPEC_REM:
DET# 1
DETDESC# PRAK01 Easy-MCA-2k SN 15071856
AP# Maestro Version 7.01
$DATE_MEA:
01/01/2002 03:13:30
$MEAS_TIM:
400 400
$DATA:
0 511
       0
       0
       0
       0
       0
       0
       0
       0
       0
       0
       0
       0
       0
       0
       0
       0
       0
       0
       0
       0
       0
       0
       0
       0
       0
       0
       0
       0
       0
       0
       0
       9
     313
     406
     454
     535
     481
     494
     519
     511
     518
     509
     558
     513
     566
     519
     529
     486
     502
     548
     518
     551
     605
     564
     589
     586
     596
     605
     618
     609
     601
     592
     551
     591
     565
     600
     545
     558
     561
     531
     544
     555
     483
     538
     563
     538
     535
     505
     525
     484
     534
     489
     495
     479
     485
     452
     446
     470
     457
     470
     461
     458
     471
     445
     452
     447
     464
     485
     467
     457
     477
     459
     475
     464
     438
     428
     449
     466
     444
     445
     459
     477
     471
     453
     473
     455
     469
     472
     481
     492
     442
     475
     482
     453
     453
     428
     447
     439
     387
     351
     365
     364
     284
     262
     266
     259
     240
     212
     230
     203
     195
     189
     195
     196
     207
     165
     214
     191
     175
     171
     167
     161
     179
     172
     184
     140
     178
     206
     187
     197
     193
     203
     200
     232
     227
     274
     298
     364
     436
     544
     699
     950
    1072
    1364
    1663
    1939
    2273
    2735
    2976
    3181
    3239
    3433
    3273
    3101
    2888
    2636
    2210
    1913
    1500
    1125
     901
     677
     444
     302
     240
     158
      85
      59
      33
      36
      19
      11
      13
       1
       8
       7
      10
       6
      13
       3
      11
       5
       4
       6
       1
       3
       3
       7
      10
       3
       5
       5
      10
       6
       8
       7
       3
       3
       4
       6
       5
       4
       4
       4
       7
       2
       5
       8
       4
       4
       4
       7
       9
       4
       6
       4
       6
       3
       6
       1
       5
       4
       7
       6
       1
       6
       6
       2
       8
       4
       5
       6
       4
       2
       4
       9
       5
       1
       3
       3
       1
       5
       2
       0
       7
       2
       5
       6
       0
       4
       4
       5
       7
       1
       0
       3
       1
       1
       5
       3
       6
       2
       3
       3
       1
       5
       4
       6
       2
       3
       2
       4
       3
       4
       2
       3
       5
       5
       2
       3
       3
       1
       2
       3
       2
       3
       3
       2
       2
       5
       2
       5
       5
       5
       3
       4
       3
       5
       3
       2
       3
       0
       1
       4
       2
       0
       5
       5
       2
       1
       2
       3
       3
       1
       0
       3
       3
       3
       2
       2
       1
       1
       1
       4
       2
       0
       2
       2
       2
       0
       0
       5
       3
       4
       1
       1
       6
       3
       3
       3
       3
       7
       3
       6
       7
       4
       3
       3
       3
       6
       3
       3
       5
       6
       8
       3
       4
       4
       4
       5
       5
       3
       2
       2
       2
       2
       1
       1
       1
       2
       1
       1
       2
       0
       1
       3
       2
       0
       2
       0
       0
       0
       1
       2
       1
       0
       0
       0
       2
       3
       1
       0
       1
       0
       1
       0
       1
       0
       1
       1
       0
       1
       1
       3
       0
       0
       1
       0
       3
       1
       0
       0
       1
       0
       1
       3
       2
       0
       0
       1
       2
       0
       1
       2
       3
       0
       1
       1
       1
       1
       0
       0
       0
       1
       0
       0
       0
       0
       0
       0
       0
       0
       0
       0
       0
       0
       0
       0
       0
       0
       0
       0
       0
       0
       0
       0
       0
       0
       0
       0
       0
       0
       0
       0
       0
       0
       0
       0
       0
       0
       0
       0
       0
       0
       0
       0
       0
       0
       0
       0
       0
       0
$ROI:
1
162 198
$PRESETS:
Live Time
400
0
$ENER_FIT:
0.000000 3.991138
$MCA_CAL:
3
0.000000E+000 3.991138E+000 0.000000E+000 keV
$SHAPE_CAL:
3
1.151547E+001 0.000000E+000 0.000000E+000
