$SPEC_ID:
No sample description was entered.
$SPEC_REM:
DET# 1
DETDESC# PRAK01 Easy-MCA-2k SN 15071856
AP# Maestro Version 7.01
$DATE_MEA:
01/01/2002 03:52:25
$MEAS_TIM:
400 400
$DATA:
0 511
       0
       0
       0
       0
       0
       0
       0
       0
       0
       0
       0
       0
       0
       0
       0
       0
       0
       0
       0
       0
       0
       0
       0
       0
       0
       0
       0
       0
       0
       0
       0
       7
     151
     198
     180
     224
     243
     246
     223
     237
     257
     250
     182
     250
     225
     222
     250
     256
     249
     277
     227
     248
     212
     242
     256
     255
     258
     230
     231
     238
     253
     236
     241
     214
     218
     214
     219
     211
     202
     215
     184
     208
     218
     189
     197
     204
     195
     207
     180
     166
     214
     164
     168
     173
     162
     211
     171
     159
     156
     181
     166
     176
     168
     167
     175
     169
     181
     168
     153
     142
     167
     146
     140
     172
     158
     150
     160
     134
     160
     164
     122
     146
     131
     165
     147
     173
     168
     165
     174
     161
     171
     142
     160
     176
     165
     145
     134
     152
     138
     113
     117
     104
     110
      96
     103
      90
      88
      74
      84
      77
      72
      66
      81
      64
      68
      66
      64
      81
      69
      60
      57
      57
      55
      71
      77
      55
      66
      67
      66
      66
      68
      77
      77
      81
      88
      95
     115
     157
     163
     206
     235
     332
     420
     465
     577
     696
     787
     857
    1024
    1057
    1133
    1124
    1068
    1032
     874
     884
     710
     625
     481
     409
     311
     220
     151
     131
      64
      42
      42
      13
      12
       9
       6
       9
      10
       5
       4
       4
       6
       4
       3
       9
       8
      10
       7
       8
      12
       4
       6
       9
       6
       9
       3
       5
       4
       5
       5
       4
       4
       3
       5
       8
       9
       3
       2
       7
       6
       6
       5
       4
       5
       6
       5
       6
       6
       3
       4
       5
       5
       7
       7
       4
       5
       7
       7
       7
       2
       2
       2
       5
       1
       3
       5
       1
       3
       5
       5
       5
       7
       3
       4
       5
       5
       4
       5
       3
       2
       6
       2
       3
       6
       1
       4
       3
       2
       3
       5
       4
       8
       4
       4
       2
       5
       3
       4
       2
       6
       6
       1
       4
       4
       7
       4
       4
       3
       2
       6
       4
       2
       3
       4
       0
       3
       2
       4
       4
       2
       2
       4
       3
       0
       1
       3
       3
       2
       1
       2
       5
       1
       1
       5
       1
       3
       4
       2
       2
       3
       1
       2
       1
       2
       3
       1
       1
       1
       1
       1
       3
       2
       2
       3
       2
       1
       3
       1
       1
       2
       1
       2
       4
       2
       3
       3
       2
       2
       1
       3
       2
       3
       8
       1
       2
       5
       8
       4
       4
       7
       2
       8
       5
       8
       5
       3
       5
       2
       5
       7
       4
       3
       5
       5
       4
       4
       4
       3
       1
       0
       2
       2
       2
       4
       2
       0
       1
       1
       0
       1
       1
       0
       1
       2
       3
       2
       1
       3
       1
       3
       2
       0
       0
       1
       0
       0
       0
       1
       1
       0
       1
       3
       0
       1
       1
       0
       1
       1
       1
       1
       0
       0
       0
       0
       0
       0
       0
       3
       1
       1
       0
       1
       2
       0
       0
       2
       1
       1
       1
       2
       1
       1
       0
       1
       6
       2
       2
       0
       1
       0
       0
       0
       0
       0
       0
       0
       0
       0
       0
       0
       0
       0
       0
       0
       0
       0
       0
       0
       0
       0
       0
       0
       0
       0
       0
       0
       0
       0
       0
       0
       0
       0
       0
       0
       0
       0
       0
       0
       0
       0
       0
       0
       0
       0
       0
       0
       0
$ROI:
1
162 198
$PRESETS:
Live Time
400
0
$ENER_FIT:
0.000000 3.991138
$MCA_CAL:
3
0.000000E+000 3.991138E+000 0.000000E+000 keV
$SHAPE_CAL:
3
1.151547E+001 0.000000E+000 0.000000E+000
