$SPEC_ID:
No sample description was entered.
$SPEC_REM:
DET# 1
DETDESC# PRAK01 Easy-MCA-2k SN 15071856
AP# Maestro Version 7.01
$DATE_MEA:
01/01/2002 03:59:50
$MEAS_TIM:
400 400
$DATA:
0 511
       0
       0
       0
       0
       0
       0
       0
       0
       0
       0
       0
       0
       0
       0
       0
       0
       0
       0
       0
       0
       0
       0
       0
       0
       0
       0
       0
       0
       0
       0
       0
       4
     126
     202
     168
     222
     222
     212
     214
     242
     218
     184
     229
     217
     210
     220
     236
     239
     231
     194
     219
     219
     251
     220
     214
     211
     256
     193
     241
     242
     217
     211
     236
     212
     222
     200
     197
     227
     195
     190
     211
     183
     185
     184
     215
     200
     188
     195
     160
     169
     177
     147
     166
     169
     171
     127
     164
     144
     148
     155
     145
     149
     125
     146
     147
     145
     141
     159
     151
     158
     151
     149
     137
     135
     133
     153
     144
     156
     144
     123
     139
     145
     156
     166
     131
     158
     139
     124
     161
     143
     157
     158
     140
     153
     133
     130
     143
     125
     138
     120
     105
     107
      87
     102
      92
      82
      68
      72
      74
      61
      68
      80
      60
      76
      55
      81
      63
      56
      56
      61
      64
      63
      49
      62
      61
      64
      65
      72
      69
      63
      51
      64
      66
      61
      90
      89
      99
     136
     132
     159
     223
     293
     384
     419
     499
     584
     730
     843
     922
     950
    1012
    1067
     970
     951
     867
     750
     663
     556
     446
     338
     249
     194
     144
     105
      62
      46
      33
      15
      17
       3
       7
       8
       5
       9
       5
       5
       3
       8
      11
       2
       6
       4
       6
       4
       8
       3
       6
       2
      11
       5
       4
       5
       9
       5
       7
       7
       6
       9
       2
       5
       5
       2
      11
       5
      11
       9
       7
       7
       5
       4
      10
       4
       1
       7
       2
       7
       4
       6
       6
       4
       4
       6
       5
       4
       5
       8
       1
       4
       2
       4
       5
       2
       6
       2
       3
       5
       1
       3
       3
       5
       1
       8
       6
       8
       4
       1
       8
       3
       3
       2
       1
       3
       6
       7
       2
       5
       4
       3
       6
       4
       4
       3
       6
       3
       4
       3
       4
       2
       3
       4
       0
       3
       3
       4
       4
       5
       1
       7
       7
       3
       6
       2
       4
       4
       3
       0
       6
       0
       2
       3
       3
       2
       1
       4
       3
       1
       2
       1
       4
       1
       3
       4
       3
       4
       0
       3
       2
       1
       2
       1
       0
       5
       2
       1
       3
       0
       1
       1
       0
       0
       2
       1
       2
       2
       3
       1
       3
       3
       0
       2
       2
       6
       2
       1
       2
       5
       4
       0
       2
       1
       2
       3
       7
       4
       5
       4
       5
       2
       3
       3
       1
       6
       2
       6
       3
       1
       4
       8
       3
       3
       4
       5
       3
       4
       3
       2
       2
       3
       1
       1
       2
       0
       0
       0
       1
       2
       1
       3
       0
       2
       2
       2
       0
       1
       0
       0
       2
       0
       1
       2
       0
       1
       0
       0
       2
       1
       0
       0
       0
       0
       0
       1
       3
       0
       1
       1
       1
       0
       0
       1
       0
       0
       0
       0
       0
       0
       1
       0
       0
       0
       2
       2
       1
       0
       0
       0
       0
       0
       2
       0
       1
       1
       1
       0
       0
       0
       0
       0
       0
       0
       0
       0
       0
       0
       0
       0
       0
       0
       0
       0
       0
       0
       0
       0
       0
       0
       0
       0
       0
       0
       0
       0
       0
       0
       0
       0
       0
       0
       0
       0
       0
       0
       0
       0
       0
       0
       0
       0
       0
       0
       0
       0
$ROI:
1
162 198
$PRESETS:
Live Time
400
0
$ENER_FIT:
0.000000 3.991138
$MCA_CAL:
3
0.000000E+000 3.991138E+000 0.000000E+000 keV
$SHAPE_CAL:
3
1.151547E+001 0.000000E+000 0.000000E+000
