$SPEC_ID:
No sample description was entered.
$SPEC_REM:
DET# 1
DETDESC# PRAK01 Easy-MCA-2k SN 15071856
AP# Maestro Version 7.01
$DATE_MEA:
01/01/2002 03:39:16
$MEAS_TIM:
400 400
$DATA:
0 511
       0
       0
       0
       0
       0
       0
       0
       0
       0
       0
       0
       0
       0
       0
       0
       0
       0
       0
       0
       0
       0
       0
       0
       0
       0
       0
       0
       0
       0
       0
       0
      10
     286
     424
     440
     478
     451
     496
     481
     478
     497
     499
     470
     514
     512
     508
     493
     548
     549
     584
     487
     490
     546
     518
     577
     555
     605
     619
     600
     585
     599
     568
     541
     564
     601
     578
     499
     554
     548
     555
     533
     532
     497
     502
     500
     516
     505
     484
     464
     484
     507
     474
     460
     451
     458
     441
     439
     475
     472
     450
     422
     445
     465
     409
     438
     445
     456
     402
     468
     459
     449
     408
     434
     452
     433
     449
     443
     457
     427
     469
     391
     419
     489
     455
     468
     455
     442
     452
     470
     463
     450
     427
     452
     444
     489
     439
     434
     366
     348
     357
     315
     311
     301
     253
     260
     214
     221
     215
     227
     205
     195
     191
     182
     188
     183
     165
     143
     174
     169
     169
     182
     194
     153
     175
     171
     188
     166
     178
     157
     176
     162
     187
     195
     213
     210
     254
     310
     336
     414
     509
     648
     871
    1076
    1251
    1661
    1919
    2273
    2667
    2859
    3053
    3179
    3322
    3292
    3218
    2813
    2443
    2183
    1832
    1409
    1210
     950
     683
     469
     318
     231
     146
      95
      61
      33
      22
      18
      11
       7
       3
       6
       5
       3
       6
       5
       6
       6
       6
       3
       8
       9
       7
       6
       3
       6
      13
       5
       4
       4
       6
       5
       8
       6
       2
       8
       5
       5
       6
       5
       6
       4
       6
       4
       7
       3
       3
       2
       6
       5
       3
       9
       3
       4
       7
       5
       7
       3
       9
       6
       2
       4
       3
       5
       1
       4
       4
       3
       2
       4
       3
       4
       6
       4
       2
       5
       4
       7
       2
       4
       6
       1
       4
       1
       3
       3
       2
       2
       5
       5
       6
       6
       1
       3
       1
       1
       5
       5
       0
       5
       5
       6
       6
       3
       4
       3
       5
       7
       3
       1
       3
       3
       1
       4
       6
       5
       2
       2
       1
       5
       3
       4
       2
       0
       3
       1
       2
       2
       4
       1
       1
       1
       2
       3
       2
       3
       2
       4
       2
       2
       3
       2
       2
       2
       2
       5
       4
       1
       3
       1
       2
       1
       4
       3
       3
       5
       2
       1
       4
       0
       2
       2
       3
       2
       2
       2
       2
       2
       4
       3
       1
       3
       5
       2
       6
       5
       1
       5
       5
       2
       1
       3
       2
       4
       2
       3
       2
       2
       6
       2
       4
       1
       8
       4
       6
       2
       1
       2
       2
       1
       2
       3
       2
       2
       1
       4
       4
       1
       1
       2
       2
       4
       2
       1
       1
       2
       0
       0
       0
       2
       2
       0
       1
       0
       0
       1
       1
       0
       0
       2
       1
       2
       0
       1
       0
       2
       0
       0
       0
       1
       0
       1
       0
       1
       0
       0
       0
       0
       0
       0
       0
       2
       0
       1
       1
       0
       2
       2
       1
       0
       1
       3
       1
       4
       1
       0
       1
       1
       0
       3
       2
       0
       0
       0
       0
       0
       0
       0
       0
       0
       0
       0
       0
       0
       0
       0
       0
       0
       0
       0
       0
       0
       0
       0
       0
       0
       0
       0
       0
       0
       0
       0
       0
       0
       0
       0
       0
       0
       0
       0
       0
       0
       0
       0
       0
       0
       0
       0
       0
$ROI:
1
162 198
$PRESETS:
Live Time
400
0
$ENER_FIT:
0.000000 3.991138
$MCA_CAL:
3
0.000000E+000 3.991138E+000 0.000000E+000 keV
$SHAPE_CAL:
3
1.151547E+001 0.000000E+000 0.000000E+000
