$SPEC_ID:
No sample description was entered.
$SPEC_REM:
DET# 1
DETDESC# PRAK01 Easy-MCA-2k SN 15071856
AP# Maestro Version 7.01
$DATE_MEA:
01/01/2002 03:29:36
$MEAS_TIM:
400 400
$DATA:
0 511
       0
       0
       0
       0
       0
       0
       0
       0
       0
       0
       0
       0
       0
       0
       0
       0
       0
       0
       0
       0
       0
       0
       0
       0
       0
       0
       0
       0
       0
       0
       0
       8
     151
     205
     253
     248
     230
     268
     226
     227
     237
     272
     249
     263
     263
     241
     240
     237
     246
     216
     241
     247
     254
     249
     248
     273
     246
     271
     234
     261
     222
     253
     237
     219
     256
     248
     237
     232
     227
     248
     198
     212
     216
     220
     194
     195
     219
     195
     208
     206
     179
     191
     204
     206
     180
     182
     180
     197
     204
     210
     181
     199
     166
     180
     193
     162
     186
     172
     170
     187
     184
     179
     184
     177
     193
     170
     184
     172
     211
     195
     170
     161
     178
     187
     188
     174
     185
     179
     186
     175
     181
     208
     188
     166
     179
     162
     154
     146
     129
     138
     139
     137
     125
     110
      95
      86
      91
      90
      86
      83
      73
      60
      69
      88
      70
      66
      54
      82
      73
      64
      76
      83
      73
      77
      87
      72
      67
      74
      82
      78
      78
      86
     110
      91
      95
     115
     129
     151
     182
     223
     294
     361
     447
     519
     677
     758
     868
    1064
    1160
    1215
    1254
    1270
    1222
    1206
    1073
     972
     794
     739
     592
     447
     356
     241
     176
     128
      82
      71
      52
      19
      21
      14
      12
       6
       9
       5
       7
       4
       7
       4
       6
      11
       7
       4
       9
       8
       4
       5
       6
      10
       5
      12
       5
       7
       4
       6
       2
       9
       3
       5
      10
       2
       6
       4
      12
       6
       5
       4
       3
       6
       4
       6
       9
       3
       8
       6
       8
       9
       6
       1
       3
       5
       5
       5
       7
       5
       9
       9
       5
      10
       2
       2
       5
       9
       3
       4
       3
       3
       6
       4
       7
       2
       5
       5
       2
       3
       1
       4
       2
       3
       7
       3
       3
       4
       6
       3
       2
       2
       3
       1
       3
       7
       3
       3
       1
       5
       3
       3
       2
       4
       4
       4
       3
       1
       2
       2
       6
       1
       4
       5
       2
       4
       3
       3
       5
       1
       0
       4
       4
       5
       3
       3
       5
       3
       3
       2
       2
       5
       3
       0
       5
       5
       2
       4
       2
       1
       1
       4
       0
       2
       2
       2
       1
       5
       3
       1
       3
       2
       1
       2
       4
       3
       1
       3
       2
       3
       2
       3
       1
       2
       3
       2
       0
       0
       2
       2
       1
       3
       2
       2
       2
       4
       4
       4
       2
       3
       6
       6
       5
       5
       6
       6
       2
       8
       5
       5
       4
       6
       3
       5
       3
       2
       2
       3
       2
       3
       1
       2
       2
       2
       0
       2
       1
       0
       3
       0
       4
       0
       1
       1
       1
       0
       0
       0
       1
       0
       0
       1
       0
       0
       0
       0
       1
       1
       1
       1
       1
       1
       1
       0
       0
       0
       1
       2
       0
       1
       1
       1
       1
       0
       0
       0
       1
       0
       0
       2
       0
       0
       0
       0
       0
       1
       0
       1
       0
       0
       0
       2
       1
       1
       0
       2
       1
       3
       1
       0
       0
       0
       0
       0
       0
       0
       0
       0
       0
       0
       0
       0
       0
       0
       0
       0
       0
       0
       0
       0
       0
       0
       0
       0
       0
       0
       0
       0
       0
       0
       0
       0
       0
       0
       0
       0
       0
       0
       0
       0
       0
       0
       0
       0
       0
       0
       0
       0
$ROI:
1
162 198
$PRESETS:
Live Time
400
0
$ENER_FIT:
0.000000 3.991138
$MCA_CAL:
3
0.000000E+000 3.991138E+000 0.000000E+000 keV
$SHAPE_CAL:
3
1.151547E+001 0.000000E+000 0.000000E+000
