$SPEC_ID:
No sample description was entered.
$SPEC_REM:
DET# 1
DETDESC# PRAK01 Easy-MCA-2k SN 15071856
AP# Maestro Version 7.01
$DATE_MEA:
01/01/2002 03:21:54
$MEAS_TIM:
400 400
$DATA:
0 511
       0
       0
       0
       0
       0
       0
       0
       0
       0
       0
       0
       0
       0
       0
       0
       0
       0
       0
       0
       0
       0
       0
       0
       0
       0
       0
       0
       0
       0
       0
       0
       0
     145
     195
     231
     263
     245
     279
     257
     235
     255
     241
     258
     240
     224
     253
     283
     250
     286
     261
     258
     248
     272
     267
     297
     265
     258
     257
     259
     266
     257
     253
     255
     257
     246
     247
     224
     238
     222
     198
     241
     208
     208
     226
     174
     227
     185
     182
     215
     203
     200
     197
     218
     208
     187
     213
     170
     181
     173
     201
     186
     197
     193
     202
     193
     191
     180
     172
     170
     183
     193
     173
     180
     163
     159
     181
     197
     185
     184
     201
     180
     176
     183
     175
     174
     186
     163
     195
     189
     194
     157
     169
     197
     172
     199
     182
     158
     141
     135
     122
     125
     119
     136
     101
     115
      95
     101
      89
      89
      91
      85
      73
      78
      73
      86
      69
      78
      72
      65
      65
      61
      59
      71
      72
      76
      52
      75
     102
      69
      79
      99
      97
      94
      83
     104
     106
     115
     157
     181
     264
     289
     373
     457
     564
     659
     766
     938
    1076
    1130
    1304
    1241
    1348
    1239
    1204
    1066
     980
     861
     690
     565
     452
     333
     234
     185
     115
      61
      53
      37
      16
      21
      23
       9
       3
       7
       4
       5
       8
       8
       6
       7
       7
       5
       8
       8
       4
       4
       2
       8
       7
       2
       4
       3
       5
       8
       8
       3
       3
       6
       6
       7
       6
       5
       5
       8
       3
       7
       2
       6
       6
       5
       2
       6
       5
       4
       5
       5
       4
       7
       9
       4
       9
       6
       8
       3
       4
       8
       9
      11
       4
       7
       7
       4
       4
       4
       8
       7
       3
       2
       6
       2
       4
       3
       7
       6
       5
       2
       2
       4
       6
       3
       3
       6
       2
       7
       6
       3
       3
       4
       8
       2
       2
       1
       3
       1
       4
       5
       0
       5
       9
       5
       3
       2
       3
       7
       5
       7
       1
       5
       3
       4
       3
       3
       3
       6
       1
       4
       1
       2
       6
       2
       3
       1
       1
       1
       2
       4
       5
       4
       3
       2
       3
       1
       3
       1
       3
       4
       4
       1
       6
       3
       2
       2
       1
       0
       3
       2
       1
       1
       3
       1
       1
       4
       5
       5
       2
       0
       3
       4
       1
       1
       2
       0
       4
       1
       3
       2
       5
       2
       2
       7
       4
       4
       2
       3
       1
       4
       4
       1
       3
       0
       7
       2
       7
       3
       3
       6
       3
       5
       3
       2
       6
       5
       0
       4
       4
       1
       2
       1
       2
       1
       1
       1
       3
       2
       1
       2
       0
       0
       1
       2
       0
       0
       0
       1
       1
       1
       2
       1
       1
       1
       0
       3
       2
       1
       1
       0
       0
       1
       1
       1
       1
       0
       0
       0
       1
       2
       1
       1
       0
       1
       1
       1
       1
       1
       1
       1
       1
       1
       1
       1
       5
       1
       1
       1
       1
       1
       0
       2
       0
       1
       0
       0
       0
       1
       1
       0
       0
       0
       0
       0
       0
       0
       0
       0
       0
       0
       0
       0
       0
       0
       0
       0
       0
       0
       0
       0
       0
       0
       0
       0
       0
       0
       0
       0
       0
       0
       0
       0
       0
       0
       0
       0
       0
       0
       0
       0
       0
       0
       0
       0
       0
       0
       0
$ROI:
1
162 198
$PRESETS:
Live Time
400
0
$ENER_FIT:
0.000000 3.991138
$MCA_CAL:
3
0.000000E+000 3.991138E+000 0.000000E+000 keV
$SHAPE_CAL:
3
1.151547E+001 0.000000E+000 0.000000E+000
