#electricity_0 in 10^{-11}, temperature, time, rate
0 -59.9 0 0.3
3.8 -58.3 60 0.3
3.8 -56.4 120 0.3
3.9 -53.9 180 0.3
4.2 -50.9 240 0.3
4.5 -47.9 300 0.3
4.9 -44.9 360 0.3
5.5 -41.8 420 0.3
6.3 -38.7 480 0.3
7.5 -35.7 540 0.3
2.9 -32.6 600 1
3.6 -29.8 660 1
5.1 -27.0 720 1
7.0 -24.2 780 1
9.8 -21.5 840 1
4.6 -18.6 900 3
6.4 -15.5 960 3
8.1 -12.4 1020 3
9.2 -9.4 1080 3
8.8 -6.2 1140 3
7.1 -3.3 1200 3
4.8 -0.5 1260 3
3.0 2.1 1320 3
2.6 4.8 1380 3
2.5 7.5 1440 3
7.6 10.3 1500 1
8.2 13.2 1560 1
9.1 16.1 1620 1
9.5 18.9 1680 1
3.4 21.6 1740 3
3.5 24.5 1800 3
3.6 27.4 1860 3
3.7 30.4 1920 3
4.0 33.4 1980 3
4.6 36.5 2040 3
5.3 39.4 2100 3
5.8 42.3 2160 3
6.4 45.2 2220 3
6.8 48.0 2280 3
6.8 50.8 2340 3
6.2 53.7 2400 3
5.4 56.5 2460 3
