# log_j,tem
-14.495 214.850
-14.495 216.750
-14.469 219.250
-14.395 222.250
-14.326 225.250
-14.241 228.250
-14.126 231.350
-13.990 234.450
-13.816 237.450
-13.562 240.550
-13.346 243.350
-12.997 246.150
-12.681 248.950
-12.344 251.650
-12.002 254.550
-11.672 257.650
-11.436 260.750
-11.309 263.750
-11.353 266.950
-11.568 269.850
-11.959 272.650
-12.429 275.250
-12.572 277.950
-12.612 280.650
-12.598 283.450
-12.522 286.350
-12.418 289.250
-12.375 292.050
-12.304 294.750
-12.275 297.650
-12.247 300.550
-12.219 303.550
-12.142 306.550
-12.002 309.650
-11.860 312.550
-11.770 315.450
-11.672 318.350
-11.611 321.150
-11.611 323.950
-11.703 326.850
