#electricity_0 in 10^{-11}, temperature, time, rate
0 -61.6 0 10
0 -59.2 60 10
0.4 -57.5 120 0.3
0.8 -55.5 180 0.3
1.4 -53.7 240 0.3
3.2 -52.3 300 0.3
3.4 -50.8 360 0.3
3.5 -49.4 420 0.3
3.6 -47.7 480 0.3
3.6 -45.9 540 0.3
3.9 -44.4 600 0.3
4.1 -43.3 660 0.3
4.3 -41.8 720 0.3
4.6 -40.2 780 0.3
5.2 -38.4 840 0.3
6.0 -36.5 900 0.3
6.9 -34.9 960 0.3
7.8 -33.7 1020 0.3
9.0 -32.3 1080 0.3
3.0 -31.0 1140 1
3.6 -29.7 1200 1
4.4 -28.2 1260 1
5.1 -26.5 1320 1
6.2 -25.1 1380 1
7.4 -23.6 1440 1
8.7 -22.1 1500 1
10.0 -20.6 1560 1
3.9 -19.1 1620 3
4.2 -17.6 1680 3
4.5 -16.2 1740 3
4.7 -14.8 1800 3
4.7 -13.4 1860 3
4.5 -12.0 1920 3
4.2 -10.4 1980 3
3.6 -8.9 2040 3
3.1 -7.5 2100 3
2.5 -6.1 2160 3
6.0 -4.7 2220 1
5.0 -3.2 2280 1
4.3 -1.8 2340 1
4.0 -0.5 2400 1
3.9 0.8 2460 1
3.9 2.0 2520 1
4.1 3.6 2580 1
4.2 5.1 2640 1
4.4 6.4 2700 1
4.6 7.8 2760 1
4.8 9.2 2820 1
5.0 10.5 2880 1
5.2 11.9 2940 1
5.5 13.4 3000 1
5.7 14.9 3060 1
5.9 16.3 3120 1
6.1 17.7 3180 1
6.2 19.0 3240 1
6.4 20.5 3300 1
6.6 22.0 3360 1
6.8 23.5 3420 1
6.9 24.8 3480 1
7.1 26.3 3540 1
7.4 27.8 3600 1
7.8 29.3 3660 1
8.0 30.8 3720 1
8.7 32.2 3780 1
9.2 33.7 3840 1
3.3 35.1 3900 3
3.5 36.7 3960 3
3.7 38.2 4020 3
4.0 39.8 4080 3
4.2 41.4 4140 3
4.5 43.0 4200 3
4.6 44.6 4260 3
4.6 46.1 4320 3
4.6 47.6 4380 3
4.4 49.1 4440 3
4.2 50.6 4500 3
4.0 52.2 4560 3
3.7 53.5 4620 3
3.4 54.8 4680 3
3.1 56.8 4740 3
2.9 58.0 4800 3
7.6 59.6 4860 1
7.4 60.0 4875 1
