#-59.200 1.861 0.066 0.000

-57.500 3.168 0.134 0.012

-55.500 4.707 0.237 0.024

-53.700 6.097 0.351 0.042

-52.300 7.216 0.453 0.096

-50.800 8.445 0.577 0.102

-49.400 9.586 0.704 0.105

-47.700 10.961 0.875 0.108

-45.900 12.400 1.076 0.108

-44.400 13.590 1.259 0.117

-43.300 14.462 1.402 0.123

-41.800 15.649 1.609 0.129

-40.200 16.911 1.845 0.138

-38.400 18.336 2.129 0.156

-36.500 19.859 2.451 0.180

-34.900 21.165 2.740 0.207

-33.700 22.166 2.967 0.234

-32.300 23.367 3.243 0.270

-31.000 24.514 3.510 0.300

-29.700 25.709 3.787 0.360

-28.200 27.180 4.120 0.440

-26.500 28.958 4.515 0.510

-25.100 30.535 4.853 0.620

-23.600 32.383 5.229 0.740

-22.100 34.405 5.619 0.870

-20.600 36.608 6.023 1.000

-19.100 39.022 6.441 1.170

-17.600 41.617 6.872 1.260

-16.200 44.153 7.288 1.350

-14.800 46.781 7.715 1.410

-13.400 49.439 8.155 1.410

-12.000 52.044 8.607 1.350

-10.400 54.885 9.138 1.260

-8.900 57.332 9.651 1.080

-7.500 59.372 10.142 0.930

-6.100 61.169 10.645 0.750

-4.700 62.722 11.160 0.600

-3.200 64.186 11.725 0.500

-1.800 65.421 12.266 0.430

-0.500 66.492 12.778 0.400

0.800 67.526 13.301 0.390

2.000 68.465 13.794 0.390

3.600 69.720 14.464 0.410

5.100 70.904 15.106 0.420

6.400 71.938 15.674 0.440

7.800 73.069 16.298 0.460

9.200 74.215 16.934 0.480

10.500 75.295 17.535 0.500

11.900 76.474 18.194 0.520

13.400 77.761 18.914 0.550

14.900 79.072 19.647 0.570

16.300 80.310 20.344 0.590

17.700 81.565 21.054 0.610

19.000 82.739 21.723 0.620

20.500 84.102 22.509 0.640

22.000 85.482 23.309 0.660

23.500 86.878 24.122 0.680

24.800 88.096 24.838 0.690

26.300 89.511 25.678 0.710

27.800 90.949 26.531 0.740

29.300 92.426 27.399 0.780

30.800 93.934 28.280 0.800

32.200 95.392 29.115 0.870

33.700 97.030 30.023 0.920

35.100 98.631 30.884 0.990

36.700 100.550 31.882 1.050

38.200 102.424 32.832 1.110

39.800 104.528 33.861 1.200

41.400 106.736 34.905 1.260

43.000 109.048 35.966 1.350

44.600 111.440 37.042 1.380

46.100 113.691 38.065 1.380

47.600 115.928 39.103 1.380

49.100 118.106 40.154 1.320

50.600 120.180 41.219 1.260

52.200 122.281 42.371 1.200

53.500 123.879 43.318 1.110

54.800 125.349 44.276 1.020

56.800 127.411 45.770 0.930

58.000 128.546 46.678 0.870

59.600 129.910 47.903 0.760

60.000 130.222 48.212 0.740
