# readings_save, total_i_save,total_i_error_save,result1_save
275.250 0.317 0.283 0.900
272.650 1.561 0.555 1.440
269.850 4.709 0.849 2.130
266.950 9.806 1.153 2.640
263.750 16.552 1.488 2.760
260.750 22.669 1.803 2.430
257.650 27.797 2.127 1.920
254.550 31.409 2.452 1.380
251.650 33.526 2.756 0.980
248.950 34.667 3.039 0.700
246.150 35.281 3.333 0.510
243.350 35.511 3.626 0.360
240.550 35.523 3.920 0.290
237.450 35.433 4.244 0.225
234.450 35.301 4.559 0.189
231.350 35.181 4.884 0.165
228.250 35.107 5.209 0.147
225.250 35.097 5.523 0.135
222.250 35.160 5.837 0.126
