# readings_save, total_i_save,total_i_error_save,result1_save
269.950 0.071 0.079 0.500
268.450 0.289 0.163 0.600
267.050 0.681 0.242 0.750
265.650 1.318 0.321 0.930
264.250 2.199 0.399 1.080
262.750 3.406 0.484 1.260
261.150 4.926 0.574 1.350
259.750 6.376 0.653 1.410
258.350 7.881 0.731 1.410
256.950 9.357 0.810 1.350
255.550 10.742 0.889 1.260
254.050 12.106 0.973 1.170
252.550 13.290 1.058 1.000
251.050 14.264 1.142 0.870
249.550 15.059 1.226 0.740
248.050 15.682 1.311 0.620
246.650 16.117 1.389 0.510
244.950 16.509 1.485 0.440
243.450 16.760 1.569 0.360
242.150 16.898 1.643 0.300
240.850 16.989 1.716 0.270
239.450 17.055 1.794 0.234
238.250 17.084 1.862 0.207
236.650 17.094 1.952 0.180
234.750 17.081 2.059 0.156
232.950 17.054 2.160 0.138
231.350 17.027 2.250 0.129
229.850 17.006 2.334 0.123
228.750 16.994 2.396 0.117
227.250 16.980 2.481 0.108
225.450 16.975 2.582 0.108
223.750 16.988 2.678 0.105
222.350 17.010 2.756 0.102
220.850 17.041 2.841 0.096
219.450 17.042 2.919 0.042
217.650 16.999 3.021 0.024
215.650 16.946 3.133 0.012
