-87.5 -1.2
-83.9 -1.6
-78.1 -1.4
-73.8 -1.2
-69.6 -0.9
-64.7 -0.8
-60.5 +0.8
-56.3 +0.3
-52.4 +0.8
-50.0 -2.5
-47.1 -2.6
-44.6 -2.4
-42.5 -2.6
#
-4.4 -3.5
-3.2 -3.5
-2.1 -3.5
-1.2 -3.5
-0.2 -3.5
0.8 -3.5
1.8 -3.6
3.0 -3.8
4.1 -3.9
#5.0 -4.1
#6.1 -4.2
#7.1 -4.3
#8.1 -4.5
#9.3 -4.6
#10.4 -4.8
#11.6 -5.1
#12.7 -5.3
#14 -5.5
#15.1 -5.7
#16.2 -5.9
#17.2 -6.0
#18.2 -6.2
#19.2 -6.4
#20.2 -6.5
#21.2 -6.7
#22.0 -6.9
#22.9 -7.1
23.8 -7.4
#24.9 -7.7
#25.8 -8.1
#26.7 -8.5
#27.7 -8.9
#28.7 -9.7
#29.6 -9.9
#30.6 -10.5
#31.4 -10.8
#32.2 -11
#33.3 -11.8
#34.4 -12.0
59.6 -6.3
