-8.750000000000000000e+01 -1.199999999999999956e+00
-8.390000000000000568e+01 -1.600000000000000089e+00
-7.809999999999999432e+01 -1.399999999999999911e+00
-7.379999999999999716e+01 -1.199999999999999956e+00
-6.959999999999999432e+01 -9.000000000000000222e-01
-6.470000000000000284e+01 -8.000000000000000444e-01
-6.050000000000000000e+01 8.000000000000000444e-01
-5.629999999999999716e+01 2.999999999999999889e-01
-5.239999999999999858e+01 8.000000000000000444e-01
-5.000000000000000000e+01 -2.500000000000000000e+00
-4.710000000000000142e+01 -2.600000000000000089e+00
-4.460000000000000142e+01 -2.399999999999999911e+00
-4.250000000000000000e+01 -2.600000000000000089e+00
-4.079999999999999716e+01 -2.899999999999999911e+00
-3.920000000000000284e+01 -3.200000000000000178e+00
-3.789999999999999858e+01 -2.000000000000000000e+00
-3.600000000000000000e+01 -2.700000000000000178e+00
-3.470000000000000284e+01 -2.899999999999999911e+00
-3.300000000000000000e+01 -3.000000000000000000e+00
-3.200000000000000000e+01 -3.399999999999999911e+00
-3.080000000000000071e+01 -3.799999999999999822e+00
-2.919999999999999929e+01 -4.400000000000000355e+00
-2.810000000000000142e+01 -4.900000000000000355e+00
-2.710000000000000142e+01 -5.500000000000000000e+00
-2.580000000000000071e+01 -6.200000000000000178e+00
-2.450000000000000000e+01 -7.000000000000000000e+00
-2.330000000000000071e+01 -7.900000000000000355e+00
-2.219999999999999929e+01 -8.699999999999999289e+00
-2.100000000000000000e+01 -9.599999999999999645e+00
-1.989999999999999858e+01 -1.050000000000000000e+01
-1.880000000000000071e+01 -1.200000000000000000e+01
-1.760000000000000142e+01 -1.250000000000000000e+01
-1.669999999999999929e+01 -1.250000000000000000e+01
-1.550000000000000000e+01 -1.200000000000000000e+01
-1.459999999999999964e+01 -1.080000000000000071e+01
-1.340000000000000036e+01 -1.000000000000000000e+01
-1.259999999999999964e+01 -9.000000000000000000e+00
-1.150000000000000000e+01 -8.250000000000000000e+00
-1.069999999999999929e+01 -7.250000000000000000e+00
-9.800000000000000711e+00 -6.250000000000000000e+00
-8.900000000000000355e+00 -5.500000000000000000e+00
-8.099999999999999645e+00 -4.500000000000000000e+00
-7.099999999999999645e+00 -4.000000000000000000e+00
-6.000000000000000000e+00 -4.000000000000000000e+00
-4.400000000000000355e+00 -3.500000000000000000e+00
-3.200000000000000178e+00 -3.500000000000000000e+00
-2.100000000000000089e+00 -3.500000000000000000e+00
-1.199999999999999956e+00 -3.500000000000000000e+00
-2.000000000000000111e-01 -3.500000000000000000e+00
8.000000000000000444e-01 -3.500000000000000000e+00
1.800000000000000044e+00 -3.600000000000000089e+00
3.000000000000000000e+00 -3.799999999999999822e+00
4.099999999999999645e+00 -3.899999999999999911e+00
5.000000000000000000e+00 -4.099999999999999645e+00
6.099999999999999645e+00 -4.200000000000000178e+00
7.099999999999999645e+00 -4.299999999999999822e+00
8.099999999999999645e+00 -4.500000000000000000e+00
9.300000000000000711e+00 -4.599999999999999645e+00
1.040000000000000036e+01 -4.799999999999999822e+00
1.159999999999999964e+01 -5.099999999999999645e+00
1.269999999999999929e+01 -5.299999999999999822e+00
1.400000000000000000e+01 -5.500000000000000000e+00
1.509999999999999964e+01 -5.700000000000000178e+00
1.619999999999999929e+01 -5.900000000000000355e+00
1.719999999999999929e+01 -6.000000000000000000e+00
1.819999999999999929e+01 -6.200000000000000178e+00
1.919999999999999929e+01 -6.400000000000000355e+00
2.019999999999999929e+01 -6.500000000000000000e+00
2.119999999999999929e+01 -6.700000000000000178e+00
2.200000000000000000e+01 -6.900000000000000355e+00
2.289999999999999858e+01 -7.099999999999999645e+00
2.380000000000000071e+01 -7.400000000000000355e+00
2.489999999999999858e+01 -7.700000000000000178e+00
2.580000000000000071e+01 -8.099999999999999645e+00
2.669999999999999929e+01 -8.500000000000000000e+00
2.769999999999999929e+01 -8.900000000000000355e+00
2.869999999999999929e+01 -9.699999999999999289e+00
2.960000000000000142e+01 -9.900000000000000355e+00
3.060000000000000142e+01 -1.050000000000000000e+01
3.139999999999999858e+01 -1.080000000000000071e+01
3.220000000000000284e+01 -1.100000000000000000e+01
3.329999999999999716e+01 -1.180000000000000071e+01
3.439999999999999858e+01 -1.200000000000000000e+01
3.529999999999999716e+01 -1.250000000000000000e+01
3.629999999999999716e+01 -1.325000000000000000e+01
3.720000000000000284e+01 -1.400000000000000000e+01
3.820000000000000284e+01 -1.380000000000000071e+01
3.910000000000000142e+01 -1.400000000000000000e+01
4.020000000000000284e+01 -1.400000000000000000e+01
4.110000000000000142e+01 -1.400000000000000000e+01
4.179999999999999716e+01 -1.380000000000000071e+01
4.270000000000000284e+01 -1.350000000000000000e+01
4.370000000000000284e+01 -1.350000000000000000e+01
4.479999999999999716e+01 -1.340000000000000036e+01
4.610000000000000142e+01 -1.319999999999999929e+01
4.710000000000000142e+01 -1.300000000000000000e+01
4.829999999999999716e+01 -1.250000000000000000e+01
4.939999999999999858e+01 -1.219999999999999929e+01
5.070000000000000284e+01 -1.119999999999999929e+01
5.179999999999999716e+01 -1.200000000000000000e+01
5.279999999999999716e+01 -1.050000000000000000e+01
5.379999999999999716e+01 -1.000000000000000000e+01
5.479999999999999716e+01 -9.199999999999999289e+00
5.579999999999999716e+01 -8.500000000000000000e+00
5.679999999999999716e+01 -8.000000000000000000e+00
5.770000000000000284e+01 -7.500000000000000000e+00
5.879999999999999716e+01 -6.700000000000000178e+00
5.960000000000000142e+01 -6.299999999999999822e+00
