#0
#0
4
212
184
194
303
169
166
171
176
168
164
318
333
255
181
132
140
133
169
123
123
145
124
111
120
105
95
107
96
96
100
97
95
84
98
85
98
87
81
84
90
90
92
73
73
71
76
58
96
64
63
45
75
75
69
72
64
52
62
60
56
72
66
45
59
40
43
51
47
44
38
43
50
47
46
38
56
32
41
30
35
31
32
33
39
25
29
29
29
30
32
35
31
27
27
23
22
29
27
26
18
24
31
27
24
24
20
18
16
22
26
16
21
24
24
16
22
20
10
19
10
15
21
19
11
17
13
18
12
13
11
10
15
14
11
10
12
20
10
11
16
2
14
11
12
8
3
9
12
13
5
5
9
15
10
11
5
7
8
10
19
11
7
7
5
12
8
8
8
9
7
5
6
7
3
8
7
9
7
4
7
12
6
8
5
6
3
7
6
2
5
5
1
8
4
2
7
4
5
5
3
5
5
3
3
5
5
2
5
2
1
5
4
3
4
4
6
6
2
3
8
3
3
3
3
4
0
4
2
3
4
8
7
3
2
4
5
1
6
3
1
4
2
1
3
1
2
5
2
4
2
4
6
2
0
2
3
2
1
1
0
1
1
4
6
2
0
2
2
0
2
3
3
2
2
1
1
2
3
3
2
2
0
5
3
1
3
0
1
1
4
4
3
0
4
3
1
2
0
1
0
6
1
2
1
4
0
3
1
2
1
6
2
4
0
1
2
0
1
1
3
4
2
1
5
2
2
0
1
2
2
1
1
4
2
2
1
3
3
0
4
2
0
4
2
0
3
1
3
0
0
1
2
2
2
3
1
2
3
1
1
5
3
4
3
1
3
2
4
1
2
0
3
1
1
2
3
1
1
3
1
3
5
6
1
1
3
2
2
1
1
4
2
1
6
3
1
2
1
0
0
0
0
0
0
0
0
0
0
0
0
0
0
0
0
0
0
0
0
0
0
0
0
0
0
0
0
0
0
0
0
0
0
0
0
0
0
0
0
0
0
0
0
0
0
0
0
0
0
0
0
0
0
0
0
0
0
0
0
0
0
0
0
0
0
0
0
0
0
0
0
0
0
0
0
0
0
0
0
0
0
0
0
0
0
0
0
0
0
0
0
0
0
0
0
0
0
0
0
0
0
0
0
0
0
0
0
0
0
0
