#T in C und I in K deltat 1 min
-87.5 -1.2
-83.9 -1.6
-78.1 -1.4
-73.8 -1.2
-69.6 -0.9
-64.7 -0.8
-60.5 +0.8
-56.3 +0.3
-52.4 +0.8
-50.0 -2.5
-47.1 -2.6
-44.6 -2.4
-42.5 -2.6
-40.8 -2.9
-39.2 -3.2
-37.9 -2.0
-36 -2.7
-34.7 -2.9
-33 -3.0
-32 -3.4
-30.8 -3.8
-29.2 -4.4
-28.1 -4.9
-27.1 -5.5
-25.8 -6.2
-24.5 -7
-23.3 -7.9
-22.2 -8.7
-21.0 -9.6
-19.9 -10.5
-18.8 -12.0
-17.6 -12.5
-16.7 -12.5
-15.5 -12.0
-14.6 -10.8
-13.4 -10
-12.6 -9
-11.5 -8.25
-10.7 -7.25
-9.8 -6.25
-8.9 -5.5
-8.1 -4.5
-7.1 -4.0
-6 -4
-4.4 -3.5
-3.2 -3.5
-2.1 -3.5
-1.2 -3.5
-0.2 -3.5
0.8 -3.5
1.8 -3.6
3.0 -3.8
4.1 -3.9
5.0 -4.1
6.1 -4.2
7.1 -4.3
8.1 -4.5
9.3 -4.6
10.4 -4.8
11.6 -5.1
12.7 -5.3
14 -5.5
15.1 -5.7
16.2 -5.9
17.2 -6.0
18.2 -6.2
19.2 -6.4
20.2 -6.5
21.2 -6.7
22.0 -6.9
22.9 -7.1
23.8 -7.4
24.9 -7.7
25.8 -8.1
26.7 -8.5
27.7 -8.9
28.7 -9.7
29.6 -9.9
30.6 -10.5
31.4 -10.8
32.2 -11
33.3 -11.8
34.4 -12.0
35.3 -12.5
36.3 -13.25
37.2 -14
38.2 -13.8
39.1 -14
40.2 -14
41.1 -14
41.8 -13.8
42.7 -13.5
43.7 -13.5
44.8 -13.4
46.1 -13.2
47.1 -13
48.3 -12.5
49.4 -12.2
50.7 -11.2
51.8 -12
52.8 -10.5
53.8 -10
54.8 -9.2
55.8 -8.5
56.8 -8
57.7 -7.5
58.8 -6.7
59.6 -6.3
